-8.54616558766279
18.52293211245249
6.816415798125149
29.28252868990413
-23.35720694133175
4.619268689663961
31.4715872671613
-22.99307954245988
15.29337402528879
12.45888665213189
13.94325069569135
-4.256165381780272
19.55622034395083
17.67367583107888
-17.25478041838795
30.15460930648432
-29.21078104163488
-24.14213896388779
-10.95973024972191
10.05479792061195
-17.06240884762175
-15.71690874506038
-20.44152859106184
0.6335282998065221
-1.224211259947964
-5.168958886453259
15.13246170456427
12.55428208623527
18.85558853752438
22.19358534967125
8.351755487550893
5.976305780910378
-14.09824315822059
2.186494278579494
-22.76227665894367
-8.466238315428246
19.79187966030166
1.973974268645958
-10.37165257383777
-18.77435815142909
-3.119395602975662
-1.870473058762693
-31.7820358892979
11.00566118507326
-19.47029083589162
0.7622984096782676
6.855567854609997
25.1554582576949
5.258453175161758
-12.34324304576777
8.128509225465638
-17.92067567603992
21.3990108801237
-31.13839738733631
-20.23024509589062
-17.57629710316341
-11.54271408182424
27.80403032284384
10.34830738339129
20.65440270168385
18.87153342026531
-0.1481664105572083
24.82480911840624
24.8701654753093
8.839533579074134
8.315329946200443
-15.62711636783376
-26.37194461486097
21.7687067782015
-31.50462460879172
-19.12324616582155
29.89857119801924
16.57326739546812
18.17475879064754
31.11103822246886
29.95111000163192
21.92028544138761
29.70160566114905
-10.965795097489
-22.72187591470419
-7.518604201936427
-13.4164628329913
18.55479289452054
29.10992573373414
30.75686888046724
-27.35602854061311
-24.6894712568935
17.53031946056044
-14.86450563122299
-14.48638865877313
28.95693315446693
29.02344346844606
-7.551394991290012
-5.311503210901224
11.18942043521268
14.1812762141744
-11.54956333019448
-4.045972224777644
-22.39035515748947
-18.7971383031169
3.26362988775403
-7.157582406607587
-5.403138851101092
9.135877563285728
-20.47995741551372
-7.714682202722347
0.03506083468682859
28.94393504794312
-18.53995921901008
-19.14747987824434
-17.46555856534204
0.6556620140480045
-18.8580976187114
-1.157474668639324
-13.81468811946589
-24.48795237364093
-15.61676170709114
19.22711881833215
0.78715407167801
-13.37423266292427
-25.06074367926223
12.10901735710727
5.025648242045887
29.58880367570668
23.79531625797203
-14.13757392786668
-11.69790133587714
-12.96035418762322
-14.35937151450244
28.78141224597247
7.63687706749131
-1.721692099745816
25.49997581775646
16.16388981115377
28.20817154188486
6.528760051770281
-3.33014425884156
-22.9581972326706
-26.05669295436457
11.40311886693104
-29.1250478983469
6.321456900770274
15.97359441562347
26.11858353849839
23.39552159681141
17.04495776511829
-15.43195317471809
-0.9473880882875156
1.341536404093709
-18.44269762423576
-24.40077704808471
6.159698640181483
24.95782234465632
-21.10354188564164
-23.20624132990944
1.187986200479801
12.29144407852755
-9.544004669469025
-29.84969494986429
-16.73954944971049
-22.49057314037442
-3.226344691284127
-11.42538405335336
4.823166874659771
6.738392803099221
14.15152012353788
9.679677268339887
-28.96223489695601
-29.21438594471034
-9.039244564905422
-15.8595688565253
4.236014435005424
-15.31695291972335
26.83905303171857
-30.22937253102396
-27.87648341335833
15.2149579422364
-27.60332110460019
3.063239703435753
-27.93254063551883
16.57388926221009
-3.921714424191083
5.675404582979058
19.73387904145147
30.42623954032651
-8.577429920146765
16.78101864584976
-23.92877673405411
-12.82515832755698
1.562600237696591
4.14119383938657
-22.26576693446644
23.40068082169741
-24.02984871921018
27.22662529373652
-9.631366841804693
5.588635783937118
25.82539188205186
-13.66259940077751
30.04910068016275
-1.407050729953294
-29.22576857757171
19.266220004377
-16.96986807993083
-26.975537335888
-22.47725064112434
-22.27424168457902
-10.29448225988278
-18.98926396956372
-19.83065077438289
4.773745630591779
4.784902495468388
-4.315287792887486
8.211482560440819
29.72854620122805
15.57851147741475
-16.48394168665936
2.340607010675547
17.15006812012276
24.57863576878998
-30.37077656963049
-2.294571417879821
-21.71678038861224
-18.03466040933081
0.07590027323415095
31.66822984297437
-8.734027367791267
14.30497145512201
7.895568082086137
-13.10561892072426
-6.153460229419109
12.98604473898655
-14.58821510636694
-8.529592555152217
-8.509030399374096
-29.07995564321891
22.99595278952486
28.78666095150014
6.12767770002066
-3.120359167820222
20.99076273050368
-18.39158607701931
-26.6674302998902
-10.78615557223281
14.57741957442149
-22.39525646798428
21.27374052506817
-24.93096490586278
-22.18986377374226
16.58485673004399
24.30684068384146
-0.3703948483063614
8.779180069072483
-3.074943228509112
29.77375409076047
12.8835350321504
-19.67248994305629
6.478780553667676
30.67490312456636
-0.6302489400530193
-0.829632593383835
6.119989353588408
-18.48479266897306
14.81317167400214
-13.43968956781465
7.410459902553026
-15.92769223798853
4.524670532834019
4.590528254040068
-4.645544315399659
13.28109303295494
-16.59502065488349
-4.00685427115177
-3.367446667849052
30.73446245533144
-17.71610892277881
25.37313975691865
18.92180343089577
19.83721266643249
13.0064462018296
9.581358350170433
-10.71521153434374
1.632350722144606
-2.948936503168407
-8.108275644714038
-17.01291093978669
13.23926559282975
16.99956520272753
3.087225183627065
-5.290323030927364
-20.95529149573041
-16.70274400946109
16.40476543209055
11.00383074683248
15.70645708912208
-20.27456027660934
18.64426520686945
-6.062750825409259
23.96505182460106
3.057476118458657
14.48617131343174
-2.43818608144691
-10.68272857635812
24.07684968416568
26.22892229347588
2.767988815263729
-20.17064199803129
-17.85149861006471
19.61161223515039
-11.88703904031463
-14.44773091535953
-30.29246685147232
6.789979289105064
22.39475473547108
24.79439816342148
-11.16171716633533
17.46266947146538
-0.8237261778890415
15.30865473837817
-11.1153489744638
-12.61053896143799
-19.87840781004565
-18.42692548003667
-23.13870352843439
-22.67270885250829
1.449024100394052
17.64955749878959
6.584933091227528
-0.04696758537921845
-26.52890037986548
-2.419914677844126
-10.21777285167168
25.46769889377186
-3.374226088808217
-29.92599039635382
-23.14025857612784
-5.918824420638347
6.574376693696413
-18.31487089401421
-7.265194684274046
-31.35250840450891
28.97709963592634
3.042353924234933
-0.3229935089633776
12.24687474606944
-1.858176344820638
6.764191695523943
-4.267619739972401
10.9884288057799
-14.51849000476056
8.44061091629951
-10.15325941055724
3.141535904555403
-1.410422300847022
20.62102704512617
5.536055571859828
21.92825901708082
4.090494953171961
30.74363063429634
-18.12333816514059
-20.00022400606445
23.39220134869278
-19.2991809647942
-17.85109562220033
-16.33481689183362
5.473957305888884
1.024722471568911
-1.864967069218921
-26.43502484773543
-6.872587032935611
-16.66117983227862
-22.04486373868759
-14.40082385846794
-9.32846760875467
22.05235346393343
13.88878639396573
0.7995091648427238
19.70413849628944
-14.78367536093904
14.10836229544797
-10.27972691936187
-16.41747823065304
8.069086529640092
25.50262059392153
-9.016499232740847
-0.07004123499947996
30.71911669916194
13.86398055750365
13.88649534199983
6.135236352891318
1.784709663986622
27.1963527916228
-25.18037371693331
-18.53118936538929
-30.30354108115457
17.33133565739881
11.10253164869522
5.711155041850545
16.64562001064392
27.54456853614459
23.24525147411328
7.408075039005398
-16.78310174069069
-5.142806828581731
-3.077373433359851
28.17503544958143
-18.45209529380594
-26.90561208299396
31.13466058698241
-21.48941378020841
-13.605926778795
-23.04262097776401
14.34673867739155
3.282758182998973
28.76369787667851
-3.520882460817583
1.013827185415462
28.04783027831327
-4.267380715929079
14.60971009981529
5.127527294764564
6.072652136783812
-29.80328486159318
-13.90933974390167
-28.78570046316058
-27.18761007806005
29.95822347724065
-15.45336982096084
14.97384319669874
-9.2907016852743
-11.50737778426287
29.65178432575248
17.68089399800326
30.80162436361338
23.86860973973494
-12.09534456502026
7.45161469989971
13.56961058603007
8.232591718863626
-15.35814402267012
-27.61019715257428
0.94448072153831
-4.808406981972329
-29.43666674877086
28.15991273813919
17.61485316686796
21.21428316396942
7.183908875806058
-27.04879923852749
-0.3578779727371271
19.34354180321276
-19.2452516854198
28.94836260464524
24.95246961222782
19.13858598551263
12.31671758841478
-8.465116199482376
14.61305933263654
-20.71179886003817
-3.375598195741937
-19.80642465379195
11.83035281382506
25.89176362417708
-26.50057823564901
-23.68243454227054
26.50129414937062
-2.729520103739743
-25.93354852212446
13.51884429022013
10.44613975090497
18.92562747881867
-10.07001114050498
-5.732361032022534
15.37500438965633
26.58014118606749
15.95338542062642
-25.63026934600608
16.97346006183869
26.74215783374139
-26.75943837908493
2.372779391251056
-31.88631133924176
-9.698367386514489
-0.2378571827477103
-12.89960184905111
-2.606549408381545
-18.12952288268707
-11.52174918124439
2.386413516349204
3.269444321797718
22.5073973994619
-11.15943372584534
-19.38418915698565
20.45898783813709
-31.29732978610194
-14.35695350867876
20.62170105304625
3.419215298374245
-9.120497201937015
10.73175817275479
29.9427878721981
-31.64622638606899
26.38875162976628
-13.677643924454
-31.19048194989615
7.644945323659091
-5.913871175881982
-11.05117405256784
2.045515199802905
2.386634820334541
-23.36373393162607
18.2519869072981
-22.60790119877732
20.91581437087748
-8.397188537472745
24.59550092395574
11.03715406740164
20.19132471471424
-25.86485367884486
31.54903687372979
-4.805980559684052
13.01623293740179
-5.419274736472175
-8.870686414266828
4.296367333650523
-12.31649574559001
28.1774688696629
7.04352103168269
-15.4279278914177
10.88691763142001
-3.795920941329327
-21.0551099934668
28.81507042896176
4.915119833192977
-6.611613924024205
26.11235209280161
29.81468588651396
-30.62728403410079
-21.05227554512286
30.13704421435843
-17.66996086716301
-3.930653755813672
-21.44485360452401
23.5872340087461
-31.45274051846572
-11.13321123475783
25.10416350363396
-27.39228857384024
-0.3691713148896235
3.474747247457553
21.1352181459227
-0.1948052326117742
23.49822521046306
-10.36849816818516
-15.90893122342183
7.039689768012899
-18.86804238955916
1.254617547467736
14.63006153480981
-9.08088809860887
27.26991291431754
21.28098783446483
22.91733892028668
-10.47529345629993
1.789263296136424
-13.22539642039307
6.714140524274693
-17.84120473503614
-25.36093507371564
17.63077094032031
22.46234970745486
15.91999843876829
-14.78887714687929
-29.81225753488415
14.12806874274006
-8.585057666828872
0.6337476002888746
16.68277867320519
29.40364429937295
28.78434016028214
-6.182245699895775
9.966257373583945
0.6740817654007156
15.43511154099859
-13.35416918711215
-20.05896718434436
-20.83599452214257
-1.081633380737522
17.97938608072625
-14.92059108660495
-28.15942726148562
21.50265291541911
-0.8436803019801019
-28.73520651337219
-19.90895107706591
7.239463259994711
13.33416733874926
-1.887405017562563
13.29988233875177
-8.116375121214315
10.1713845943498
3.62758062454914
-2.459664361030958
6.473271777735692
-6.381269798694121
-9.198566408660115
-6.484402797649802
-14.76228013718388
24.87772251228196
4.350757764041436
28.527622368184
1.623874704550015
-4.29994057428579
-12.28314613043482
-14.91798092444236
19.78354116638587
-5.949008767960047
11.75045104196939
11.08771786853625
-8.483641551508464
18.42521233110766
-6.448525867001271
6.795906858167062
19.90929568676879
9.620141201790124
-27.0314521410006
18.93496379581386
0.09712496758876971
-29.75202851961362
13.58430401612185
-2.470018747594776
-10.76436619387575
6.593607189597093
19.56943540549286
2.929121462601182
9.302924430912423
-29.25483173284915
21.02634167705
30.47648267301325
0.5057232616772468
27.10384327320358
23.60456363098669
8.07152565862742
-17.75663203190451
6.352998091028388
-21.73443787670625
13.21471623848753
12.6323681415506
18.5064555939721
-17.13050511989855
-14.7881915454284
-15.13172851430305
17.1958661120857
-25.61089270180618
-4.935909521909072
-25.91236848758935
-3.515658228736314
0.07998110510073274
-13.12874254038388
27.83136542245198
-9.045608204308273
-10.43856339536917
10.56777314423398
-18.55201566482094
-9.404220861259883
23.12723552112869
2.219532725903025
-8.458211434147143
21.16946635364628
-29.78709175574917
6.158374996225453
-26.84476154563353
-2.724087343584771
9.237544616284783
1.052107433370251
19.69044548389621
-20.6557015427489
0.7001441158192302
11.78554517426338
-26.76438433214222
27.26233502471309
-31.13166077351433
11.37279780189638
-12.29990734113987
28.84974922615558
14.60348447516561
0.05972061312858492
16.25928276653456
16.82555082139353
-8.259547643988265
-8.060183593500616
24.77112233807317
11.07829773363983
22.00018567834084
-2.669028134747515
-6.331425183316749
-9.156867938559387
2.756590811787402
-7.155070179166119
-5.800554667820832
-12.06565402112697
-0.8531646984331585
17.34586343391351
31.4977179537424
6.12397624738648
-9.949012779040007
10.86412221271586
16.53404905377166
2.812350329218559
2.666847072097793
-24.05811250347148
-16.28852777108175
1.272444076754091
-13.86142076963112
-12.50752750511268
22.21247078568007
-7.528303782091835
-10.87922056983637
-4.372339416014864
-6.846943157731909
0.4944402715849567
-0.2795099292840607
-4.04630367121895
-2.164473907104473
-2.186239427974172
4.109801016657537
-13.90442928237985
16.53255606098981
-13.67285592150497
2.288211171820089
-25.01678118699278
1.877380600547749
15.14442581609945
12.26538095755671
-29.72364196877384
-8.228894259043896
13.38250581512522
-6.060119761397627
-5.840098634249383
15.61712488617912
5.730995637799017
4.467298268092696
-16.79185375589813
31.98797328994554
21.85358146320797
4.210399324862887
14.14498550278716
-15.02358876924657
-12.65946816364045
-30.29219428260851
-21.32937281876985
-19.11748788026688
-19.95559107716175
-6.605938925107463
-6.042591018595883
7.025826877437879
-5.233854693587942
-20.16425846158633
25.95592824233411
9.842663641323421
6.681577234532474
-7.527915968065221
25.61728964408865
31.87085560092542
16.19611352476924
-10.38956637766585
-1.540189205613787
10.24050069871498
-9.085580300369223
6.769697111937056
-21.20506517767797
16.47618195122332
24.34577352528105
-26.0669693806805
-18.98935244836855
-19.04264423877439
-16.87030966934877
-8.557765702892713
8.901593661764151
-25.3086029151662
0.4217823190396273
9.176650130510799
-5.208949543210704
14.05380994077457
12.03078212256193
19.90613568180502
-11.13197645469166
29.20482598869787
29.69513263178708
-5.308634470468511
-7.546397315394254
-8.996619418598257
-27.664906206602
-4.846789791276652
27.01191160394872
0.3275194639236177
-12.09954863396973
18.29803228293511
6.567626216603601
1.626929012238858
-20.23594622479531
4.775863133254035
-1.245710622478608
-29.69959345259113
-16.18113988421546
-31.86289234883647
10.4064151256751
18.34963717167844
-3.645800068679077
16.1950141606389
-9.795386512097206
29.75082553768971
14.33312974184827
15.14764665206551
-22.3195338382294
1.482681859121648
-4.729840553638205
28.9152379504043
-17.71218509971088
20.75779675577184
24.72695135885137
-31.38296974190826
-6.390148892609502
-30.07523586748259
13.38804526444854
-23.28838880445058
-0.7067859960059163
21.37295370630818
-23.31900176638462
-10.26355278202069
24.59386143481867
-30.58387089365609
-21.37134421169473
-27.61914799145313
-5.604867307746266
14.58149446298575
1.553434300846505
24.36412996045845
-22.92585062509862
-29.34978517647329
-25.09308892312723
-11.15489512575742
-21.81701489602315
8.892210500370803
-18.12633841757894
-21.56967631540234
-16.77049707644416
20.673213336798
-0.1585168336672869
-15.80994998496275
14.97009970358028
-4.206727761332692
1.289630641874176
4.147874028564605
2.85513353891443
21.0654756096276
-24.30048906584031
-29.87168448312636
31.23334391182137
-6.087291082969408
17.17187839499339
-10.44965849307956
0.7832795735516491
-20.84573353389238
-15.28547537139293
22.2071495229674
7.35606724470341
10.54382768768813
-6.647575950554892
-24.17331698941893
-6.758063502114811
6.826297794402176
9.210729414824772
29.55490268452789
-29.80649328817914
18.51925840039245
-21.50004862868864
-22.77744265661354
1.394583877477775
-2.876290016806597
-0.7197837440663303
19.1443897655216
-19.72007067248339
-12.27579613568074
3.313740260431949
0.4257367645597474
-17.36754273997028
9.033565492695624
31.49563045802445
-16.48465517681314
17.67238264522985
-6.041228121278669
1.729079307451786
5.004817611009337
8.484969489925087
-7.040844945769902
-19.4249717197104
19.73673137822622
-5.75462138187961
-3.156408163271341
21.31131836667861
28.18640495240163
22.39462738811246
24.02445606866398
-15.47950044638604
-17.61937991203284
0.5184526871470224
24.33154920134469
-9.137682955046015
29.38781011442871
6.766879065394483
15.79024700328297
0.4564732399268937
-31.87398752009778
29.48694366416669
-19.5537806012714
-20.69027351418541
-0.7038930736170489
-29.84771513354089
15.32103530707995
28.84498737705181
-14.033970158455
-2.830018236292328
-23.49207350154377
24.57083650215448
0.7107787096133183
-19.1765676831842
29.30586363441371
24.48970627230294
-25.58962535978588
-3.103965664959704
30.33467178508887
22.91024902143367
-29.31615723159329
-0.9329505366743798
-22.70399134462025
11.9941854829939
-24.50397462384412
17.67897011188423
27.44404455114146
5.228423903292692
25.06613479021644
-13.18182097489438
-7.214725769060031
12.98653287369273
0.1512528325697117
-17.44074327576701
-0.8131100902575551
-9.244919768857175
22.17680194529907
8.012244753879916
-30.80212525184852
2.154824369029054
18.31789087048632
30.1282680134634
3.565238879870241
-25.33147991393965
0.3259505715589597
5.788774952876611
6.363658455784701
15.77324144870369
-0.8545624045116323
21.99395769540316
24.91424718965175
27.03253056134024
-6.773212295536862
11.27788946088362
31.38334658791003
-8.156379648475411
22.78577659943815
26.26447118529742
19.39983109879737
-30.38596509569404
5.666069032173639
5.046870305073842
7.813413399315553
-21.12136488373106
-27.05316337636273
19.60493155085473
-14.97322890903615
7.18557485550097
22.55572783694917
-3.807155827686471
27.55339506241496
26.45677635627726
-19.45918289137797
11.76480763984868
-4.73843352199038
-10.05424869110735
17.62747347276667
16.47602935429352
-8.228963597324958
7.359803493377324
-0.4159604723904605
17.97811384947479
21.9778518562454
-30.33209980194359
-14.73542205014312
-31.13548812656206
2.711028702447325
