58.05657949391995
-11.83287522768861
-15.83759993702295
-67.64051999009305
13.14889280184231
78.10668969845824
-12.64984503500862
-88.26427744870603
93.72914249929134
53.94954332032257
-86.69265254565769
90.74484783656969
19.54309928006873
23.36882132502792
57.57269282146249
-30.47936790953588
87.41597925689989
32.816386480208
-87.48629494286332
45.79475511473458
-26.57188772204564
10.94928177853539
-92.40192138949472
68.47924780841349
-32.7043470935312
-85.32771231576403
-24.75454024542242
34.39108014034497
-70.41674256082101
11.59468596745951
7.510447446594057
-71.74766666445038
-66.05601746846641
49.36580961035499
38.4587729922025
-73.03262715822505
-14.86462357425009
-13.35935975950921
-56.91605484392996
-78.94388544258351
39.00630741208357
36.53296281114377
25.20893393079784
-31.6198984507639
16.70346689568303
15.85000064548237
-42.81091662238465
51.1195184859729
9.602832529871304
35.51277226194685
-99.16498883066066
10.69230920696591
-38.61392439808574
43.79227309836116
-10.78618809931686
-4.913894510966951
90.03656565093887
69.08115826445412
87.57326038927985
-71.10127219385126
-89.72417470444753
31.65638703165314
-96.003301068311
74.34282788562206
-6.871529803038119
84.13125462839832
-55.25706307862737
-34.05061326396994
19.66686747810565
60.45629033057713
67.26882108761041
76.96422634260277
-44.9191605966132
53.22189902455793
53.62699402229572
75.73266235605394
-10.17442981653675
87.3539663242981
95.8721057771934
98.4490430358685
-22.53978349829976
32.23762260925494
-10.51538996051372
41.29411873022863
63.00012855967627
-28.58956175962144
-46.93025255292549
-82.53599118065701
9.766284054565682
76.97943868678901
44.65824954576939
-20.67263700444767
75.78096937361896
53.9729166411306
-63.57072541376834
80.36750317712128
-68.88222249715918
-35.33637211218414
-22.64340141042705
35.30432753839864
2.876757039690041
95.58303149447237
-62.42561598628743
-36.63312558128195
0.4731643741234483
20.26908639175775
90.44022615045814
43.30816945259205
73.76095366914736
-94.30894533522175
-88.4821014427171
-86.99733312344821
93.44014037964243
-15.75882861270928
76.13074004544163
52.26161972910784
94.46633022630195
75.04138075345482
34.23247221682891
59.56069943357294
-76.86622367938244
98.58568149798346
59.37695832541251
57.14683910180268
67.20728925535272
56.55586794118377
96.53315437904763
-76.41255661961395
-6.628839165998023
-25.03041019165042
40.93417930055885
-93.49117414807083
-60.64398448454384
-63.99115885834832
-52.45986634647907
23.70022536955583
-60.26975910471557
-7.255180947123693
76.51134436539209
39.87902954691716
25.02283643667283
-80.98337462740817
-90.11112502593586
-9.695875064430638
-22.86841420945449
-78.34407859528362
57.84919837789967
62.97235672065242
59.75979061170966
59.27307109544484
93.2865288582817
-23.52489938443528
-26.48043100396151
54.91540136093261
-72.19198088574861
64.94337664468885
-42.7984748740541
-85.86010425662786
3.385465670522803
-33.10872338014331
58.59132634924082
-21.4146374749064
-11.2778312793973
2.419524484511479
95.82329670537185
39.14292082790959
-30.07667697018428
-78.69804764295804
-33.70206079477466
57.20540885355655
-12.7201704243169
-13.20485901991098
-48.42191160234994
-42.45259359883286
-34.43165937542448
-95.88711417011889
66.05799145755078
72.11441173541886
-49.61418212979883
60.89839762221878
51.23321444798049
18.00651425526543
18.97163601657147
23.26093639485305
29.03797551843235
-10.61975395566807
6.777619541050258
74.24144128720926
80.87391990152054
-37.53542065986775
-77.10186622199781
-37.06897930825104
86.44886263934187
-56.75025022241931
-97.43332185384389
-27.79274687611776
-94.22487358275895
-56.99720708217301
-5.982773654358262
-24.32704262199287
-43.17472803771255
64.18911432235113
47.41102039445213
-34.62611601284667
-87.43344172574803
50.78744034117699
7.707843877789948
85.10037748292135
94.35766892686728
-73.29352474730642
-26.14237349430101
-72.12476803281841
49.57214118742878
82.29634651279467
69.15838759709192
-50.1621421191095
5.317165107603539
81.75888460992449
3.011257158899682
-74.82852380758905
37.29220242941742
98.73529646343549
5.30325314505895
-59.93807669976996
-47.45175933509274
38.44559263041781
-27.21653648902195
90.18216100601069
-53.57674814343309
-22.64956060362168
-3.237692516666077
87.40243564242733
50.6944542625362
-42.71476629983798
-43.64594042985522
-73.89763789025885
27.74680568802238
30.06160070147503
-22.45326962239714
-39.05237311798273
-94.31981143715595
70.18217836096646
-49.86034287828797
37.44078356421049
56.41697590190356
-94.81623640174818
97.0568467610844
62.11486954033892
61.4966659379679
-77.09679762868447
92.54837562051989
18.45215615249874
-98.69347547195517
3.733532564398693
34.39673133109127
84.90055534864793
42.08901529277869
-62.93112372710669
35.30281210073859
35.11570989543387
-91.9410371015086
69.0543473060618
-55.07521918994003
4.058287616660379
32.48686506849359
17.33755920188255
-7.452588512727294
97.66536557211487
49.8342973324139
62.99807768192615
-71.69008079310741
48.85180410601063
2.175868343917822
-66.80347110620161
34.1442729233336
14.13779880000864
-24.28118622584985
-65.07772206717169
-45.54354028177758
94.14598606284109
-55.97127427063625
52.10685720687552
45.99845373898585
4.4029588252732
-31.67302461295147
-73.47340238746058
-70.02523082832664
10.95965629143677
-32.70404186714185
-16.96836806415362
47.61607193485599
28.84917723266111
-91.83478978919038
38.0066200857497
21.1463662685952
-67.97882101867413
15.43834238515801
-43.56980882376914
-66.94919479756702
99.40295606173223
46.45396693562651
58.51013880874829
-70.93023201555508
50.49768282358951
-39.85582855907992
79.57746018987046
67.67521613189092
82.93920731232019
96.8666446040869
98.04638409714242
43.74645059355184
28.91029389297667
93.41870545468784
-14.91279604574401
13.5529958149411
42.7198196669136
-62.3576097072236
43.09733910682363
-21.0004323214833
-55.90771384870003
-19.85242859810601
51.23666088064383
-72.89818192710085
-84.95286614690268
-29.6136155300641
16.97269663066809
18.34458439605972
83.71897385576008
78.99690834968629
-2.796714226299675
-23.01673722120657
19.77055561020569
-35.05712343343042
-77.54934104524243
72.7941314147056
42.15670372606937
10.2891220519748
-17.66656353156203
-98.89391526402078
37.92485464994434
-22.04954268624242
-1.77513816743693
4.121924391468889
-10.85816754045069
-93.06387886148813
54.43453441318955
2.804557835238564
42.6969453266003
-64.44056799471308
68.35858002744844
1.721205928080628
-24.0287366650575
-34.29162239834324
16.46897447038607
-31.78338383982893
44.59514125730017
-6.786593858622495
43.96017060261886
-64.2850342828943
-71.48727042975749
39.74393505967731
33.30672780562197
87.05530528447156
73.90532180413184
30.372223060812
-66.92945651747253
-28.17008146056315
-4.239748450718276
-26.25726161224313
27.16818411131077
-74.82403801224388
28.98535230784714
60.45638884979553
-25.41356815560007
24.82892222714978
-68.78054111303466
11.76835841298379
-3.920875363174642
12.67699303043122
51.63741164832985
6.559599716212458
-62.28364096736817
25.94388619978238
-31.70853651207554
7.229529380241444
8.213407528567434
-71.13698518128263
-26.84266579575167
-67.00861656924093
-78.67744403077326
-76.13278245253625
-98.93229340828783
90.39744615015066
79.55133464646369
-52.96269611098447
0.9377980732291142
25.32718357326613
-9.739851469591116
55.58652743003699
72.580101669209
33.03137385605532
82.91353097040916
75.1402257440061
64.27630673748325
-87.54835361898282
-81.46756717082422
85.67878096068506
71.51709834164059
-5.278722338148203
-90.31871318068961
-39.224905906834
-57.0291044142477
24.57647281498952
81.79482638210318
62.62921278564894
-51.13702107741685
91.4062928624687
53.6397064665553
-18.37498317652134
-47.3961487081435
49.22997144481767
-96.57724287549445
-4.368365532589688
2.578692779495832
-36.16360799432532
84.85337171697878
-87.49959583024909
-51.51194042209514
2.820200995022266
77.32605595332937
-34.51149143147393
-5.473224553438525
-18.6299374413915
-17.25687418334481
43.70498925626122
-92.25721885932826
23.56792726557848
30.1251329918199
13.27286268480564
0.5679025113927092
-58.52982462964783
74.83425430485364
-95.05306171896345
-25.65616397314313
0.6142546611307325
-47.12258479886495
39.72264107438474
8.565369665020913
-19.26990998332238
26.75389663543618
-46.28187631239398
-36.44191927193394
68.40860247569481
72.35933162748907
-40.60235881630707
33.07280178383008
-72.17236295063049
-90.01767061778467
4.315652672501137
97.41667436520827
4.448104900191359
90.62308069113817
-22.83201027781501
-62.67824308944716
-40.67395481335659
67.82228082583514
-12.71214755408597
-54.59020836774621
93.76623872949516
51.11585068585788
67.22300302065925
8.955874206323578
-62.48103280774379
-5.113842451173517
13.50641914749177
-68.5028574993527
-61.37784700226082
80.00142135534554
69.08386450993873
-45.01415449004273
94.70268624388936
95.60599245901771
-20.35540558250532
-40.33198510044902
60.21859121824195
-33.69675003769345
-11.01268588950106
88.35943467519954
-18.12616506004537
45.27038365625759
-81.94473599842595
22.83826961506017
-30.51009743476445
54.68287997690896
-20.62148388286788
80.91603606081725
-88.09567955483581
55.18202827528247
-64.10960075829595
-88.6536732531054
10.75537170315205
45.87304826157418
-2.905773495586389
-28.56462191689815
5.625626951687318
87.88288372774282
38.02125357958926
-6.557680475390789
-91.40136992771203
-22.2421294249493
58.41300907065905
-58.8159598377817
-63.27333142515964
-8.792233165930403
67.73578566694268
-54.40729675813331
-55.71780801677434
-19.3574582085019
72.83636334533089
2.909854589534615
36.59807679612798
-66.95062773699291
85.4982930970089
-46.18168330065783
52.29221167493914
-5.772673110407296
-12.10974724210289
74.39744820158005
-2.065962406921081
24.19631297850582
-80.32521088052937
20.40348116122953
30.90024171905725
-62.1919681737722
-31.20062380076897
81.09790252478848
61.80442633571018
-80.79787018576693
76.08753594044606
10.68842720214483
22.40296695834379
34.46115812528758
1.438972947023547
56.82477817848386
5.650943873035537
92.90427885236244
68.59178778560212
-8.286305531051093
-75.76031122234392
75.79649632110615
-23.88702831569168
-53.55133364155912
-71.81830292138308
29.5796377726236
13.70145493034426
-90.34629663521375
11.0767945063196
31.19046393916783
-10.78302633817539
50.22107041203725
-72.3247992747541
43.31825432776086
32.46280906720683
-87.53991185007196
40.23712506487848
16.65339867017526
-74.92610481799625
80.3709620637442
32.45437039410469
80.24729258659367
84.4584602791596
-68.55892977366589
-59.63652151153627
-55.97877052472321
-91.50290096994296
51.92725787331707
36.14180480234729
-20.22464725553591
-57.44804262329015
55.90569469064855
48.10561029794842
19.93103078240161
78.78783140420987
13.24686274600511
24.94169368668031
34.05504054742207
-26.61083088147202
32.70573438606124
69.48634178471225
-59.37061164714355
-64.83030504990481
15.17836098833243
-68.893158299335
-54.7572282772665
24.79187794024152
-49.44160474002928
-39.50267001694539
-65.85861206209775
-10.10048442253856
7.58477438246944
33.79112147394232
8.250037488482628
0.6761764979057506
33.87480339547601
-53.72762546544897
19.50520127516506
42.42460086905832
-2.15563784019666
35.85869660650057
-33.19222472804552
-22.98897929110797
64.26542148183472
-4.688909729932119
80.64708503942038
87.6126940242282
-34.06313529304379
-18.54462862018743
-56.97066196842179
-97.75236819132252
-66.90274731008505
61.7706560424134
61.93455104807272
66.92543963123606
49.01973227782167
-47.94211533690549
-9.436415419270048
12.56500095344197
39.94934723926294
48.06416009901294
-30.29852709710174
83.75547547249205
-93.12165295765608
-57.50490311185378
-13.49499777088274
-57.05103176471439
-25.21164160293316
-17.86535807678586
77.75072002319465
0.7041609653983402
-40.59039436297714
-8.309382986119171
-78.30913900447268
-76.61491856246997
-7.887272550116014
-11.75817913023086
-66.99015771243072
-95.72800776501434
61.98079859554252
51.83016327626698
11.9902305182591
-58.01807887033571
56.93379943464883
78.14190420706009
78.8375949686292
-36.47148566837311
-59.2664192717535
-78.60105943200348
-88.31862154165022
-41.54145674106059
-36.97429118510331
-32.26174356023923
81.32334149189209
-28.79071808004157
-76.69257822246777
-44.23919154595176
-49.79006567806613
3.810767128957652
-68.84124495188816
75.33665360397343
66.54477678522656
-67.85933222654403
78.73361807358138
32.84747503169776
91.47328221952856
-42.49041006394656
-35.77360372530806
27.91062492297607
53.3570559138381
-21.05301112503636
-67.28134517954445
-2.756873855804483
-50.07468809307846
35.26682956343797
3.604729931385217
-32.01748288214043
-89.55270084225498
-75.36594798914693
-55.60619526040469
-14.51024785234471
51.77387552698816
-3.842471339109673
99.86632938276182
70.6207802354044
61.2708205062314
-30.93057324707733
32.05122127382852
-19.45081522590139
-23.48453658786499
48.25729718768903
61.66163681808593
66.83359395128402
-7.873796865667783
-22.28469864790901
-55.67520293818126
27.4784893509049
-81.24362238196289
45.4401007452059
74.54005325374949
-22.41259602243494
-78.58310968791284
70.96471506696511
45.25237417743602
57.72425923705914
-32.04975378056035
-83.6153672761582
-30.87025113655098
24.3492666684562
-14.91485331965969
-38.77753210072695
73.11572397014687
55.30959557217982
1.003357794107819
74.8247068532021
16.33225155926326
51.11978743209183
95.39423250085302
80.87515791317482
-23.4897508619796
-8.54297971812645
11.61232917109354
89.83205211414879
37.06524947221848
-29.1956270956595
82.41077056271102
-20.22218927359868
28.80255165034702
-54.65684759196615
58.32135766213171
-28.18498233156635
10.37085263815843
56.49661496983589
13.3351501343671
4.484827776003522
20.59848963803396
4.903926392741708
-42.38610715704991
-3.016837061446815
9.540652195480035
70.73290912687163
62.7205911664537
80.28422954311381
82.75929344442234
-43.70973674880155
85.15768486502664
16.95936568227044
-27.43529464248085
98.09297167469178
61.52180529000331
10.43354274931693
19.58354605564823
22.55139421946996
36.2078318101417
59.03656554939887
26.5997588027758
-93.21809865595205
-53.46643417167957
-12.29339797734738
-99.56736297171466
37.02631956384604
0.29231126269273
-9.411958099902479
57.57822056911961
-7.594225135960714
73.34048536283409
-69.51162925382809
64.98423858482997
-52.9248661541861
54.44832180352041
47.703999552697
31.13765557860084
46.80660916951525
65.75201840804746
44.46800176380848
36.33934191485856
18.67248869069692
-30.32767363690963
1.436347823058593
63.8950559011638
38.28621962952536
-17.63966321275547
-56.36626652602852
66.71228087612788
-17.79529470994883
-59.95053627061507
-51.18727200582956
33.96113178178337
-68.27568624943622
-83.08915716926174
-8.572129636280257
74.90151772099202
-68.52958098729592
-5.563725975765718
-90.83743952022617
-21.27811866051599
-15.95932827754291
79.03449917332659
-69.23683654109077
9.552708087427193
12.14409376408429
-9.755781573621841
40.47108587891442
-58.14502471349253
31.92350011232226
-8.503613031785004
-54.39456264615423
66.50683148260926
52.94951994808584
-97.90963510188867
63.93659462968023
39.23439135143316
-77.92006627470491
27.48943577357428
-33.21942171031805
-41.42702723284534
43.41006063700861
10.851128936035
8.322735810958148
-46.05532080537454
-72.58424343508149
36.68973650248778
72.94296660146497
-51.85312395520209
-60.10243675658761
47.55435551932123
43.29657047618315
-24.87202581383586
-3.93669177202362
-58.97477649800565
-1.238233430362033
69.163609134529
-17.00011895700564
38.13969327675485
48.6894792371868
42.97490556597698
59.2852094358137
72.64494707213424
9.835855582283635
97.55388653583753
36.11198355312465
-77.86067532158152
86.04370671775172
10.35519320470898
71.98113159536085
-38.23938972438097
-0.1375538743876215
-35.41439297554172
-80.31411566537516
-17.09534671397486
-32.83241274043319
14.45874605219807
22.713657051085
31.25687140585691
91.85700654660644
14.42023250199276
-92.65943096461476
72.7769802981793
-41.74055201589493
-28.80062471137899
15.92783239341695
-95.50773696290817
-99.35206554094333
47.71062860348125
-76.61150351939206
43.24491160540595
-59.18771846523322
23.40435006375542
-16.0372393417436
30.5841373255149
-47.32333042578206
-36.19654665892485
-85.42057848727748
64.37208163877463
-74.93304959531645
12.27935697668694
94.09220180282274
-10.94669119806024
-63.55158662789374
-99.46505821616053
-40.80040266887989
-60.9077451790825
-5.812312130248655
-2.273314717741121
-21.975085431501
-0.2312363400342471
93.58041582862501
13.82955070544743
-9.748867970839942
-25.86275966542042
7.261048420619515
32.07729948390861
-19.55864868859846
29.09100720129113
-90.95902638363349
-80.45080150048962
89.31207457177797
8.692321845373614
32.04569776287184
-27.01072781843206
-51.47082968646228
-16.26927165401396
32.96006617878787
13.39835974122201
89.43439309231918
8.024904809941521
-78.4444385512122
13.82500046371487
57.54116713611305
55.50571731240779
-5.523192936386359
51.27910335871962
63.22263900477001
63.44865209655588
-61.78646395430904
-11.56516568782723
12.26645867412662
-84.7524091947581
-69.30132583755535
-30.0770073275805
-23.57270261774728
37.98313117938612
-9.031679737497242
43.78452693908852
17.83475202084139
-34.23963996434318
-38.18819903249454
13.85505709201144
15.8828222666544
52.514343878776
-58.46199299932096
9.465680657022023
97.05690585322445
57.84327853559154
77.49273544971773
-76.37123519941755
9.317748223832204
88.8046524420555
86.03236976124477
-57.61570175827016
-24.51558974237958
38.13351120275139
-96.01959713902197
15.27241950350044
-90.10364612400045
-55.87201387587684
76.27382144413592
26.55442086236659
73.4899715556722
2.142912135144663
17.36229296507572
-4.587877390894743
12.71113217957031
-67.67290925444355
-99.83403549410365
88.47234784914136
-11.18688222473725
-13.3786262678359
-2.635141073041602
-1.250722509014764
-50.59429289814567
-57.80118504399378
-61.36889778156004
33.03055395923774
-98.76321202408069
-38.80752711428887
-7.128157866246032
29.04155969370881
19.89100599049144
-92.66112203997885
36.7804809853161
-59.70885187727514
53.31249905081062
-44.921815803427
32.99978468960229
86.15007667082001
-89.94555820635908
-11.85433973439256
-51.77434326392763
-93.9045141927804
-14.58860764828959
38.05895956347054
-3.194152686646179
-53.11941134522267
-26.6337433856528
42.67282322595412
15.58755678440088
-83.12763888674498
-55.22910438678426
-46.49081130313487
-83.52208389839036
-63.64095560619356
