92.95540611273906
-43.16577360577593
81.23241946492357
-86.44706925456774
-47.30930253546054
-81.49519220290053
-50.64117696211308
13.24698497619361
31.90485948853621
80.85194775344333
68.48046991905287
-1.120821469839901
20.7532922220321
-39.15573142888984
58.13155599629467
-45.82982849876247
3.901434480377922
87.03447002588855
11.03400769692112
-58.03340287834329
79.83403169004094
-83.52807930216285
-61.84729553329675
71.52381349138831
39.93710250880383
72.41656962811717
-5.489557644141017
-30.14627175064848
17.85419142799923
-17.01978668299239
14.16361682635473
31.0844000465555
-30.4629173506194
-34.59930129843758
27.35165788527897
7.592408039035887
77.86216160539014
64.20765164337845
-18.57582684684301
-91.30256671300295
-73.77744231896472
93.29755941348569
-31.73088939040284
-76.53487023913725
-65.59264677360343
-77.59999145444871
-12.45081573990602
38.32053360605656
-52.60476802113065
-7.643044506305624
-79.7519265050741
-61.86662631838633
-49.6527089163994
37.30102794303062
-73.16790081743513
-14.63380300140336
88.52266810772568
74.30754440830266
2.568070485150148
31.90939775841792
71.01188116181125
-81.80570484641592
-35.18650450928823
7.015559956105943
68.32194578513936
19.13608625291987
16.01403660777522
-7.885348280293831
-11.68724376631397
-6.414708365193437
-7.702807303516862
68.82710911289553
83.82455091492849
-40.35698609809941
-15.76147281100228
11.43884264711113
43.1589784999634
33.09965075910227
5.929919208705251
-23.60638654194786
-29.46455763990267
-45.01153107096069
14.62290941446948
8.663548438712471
-5.194943383053427
19.91659641985783
-70.96753712982184
-64.50838896047125
68.43389487169559
93.8514061946544
26.85793385312919
69.14445059412772
42.08575394967656
-15.3995673008236
19.7325300181644
-82.46581467823067
58.80235563938222
37.40236357231884
96.75010343072981
-100.6118652565114
-77.49751041225899
-32.12843729709835
-66.52590774333626
50.80745168617607
47.97987319751622
-92.53659772818675
16.82241884966978
-2.937959802613417
98.95031329575964
-31.28222006753961
82.28353073654216
57.22094874276852
33.79827487328367
-3.149037670881421
-58.95545014559799
42.16228972110425
-8.38012553707525
17.93963657804573
68.83424271121085
23.52488631745851
-52.6777101661331
69.8240062590645
41.39229550387351
49.49716519242003
-6.112507160946421
18.76299306738016
-91.63877017934674
52.85497235368588
17.45957437575228
-56.79051820998816
73.80276425525591
62.77946120260649
-41.00613850609761
65.50569709805883
-33.01961758618261
66.18137028302196
93.49390587870477
-4.706865688768771
-19.85347839454516
22.25454073577244
67.89245293685879
-61.81166958644473
32.91754479136292
-85.88366204718956
19.74631908660298
98.4448198527048
94.26606415287159
68.89669948595642
-19.44273209010532
-97.86063904067746
-33.69711811578286
57.79346401832471
-89.21444670228863
-12.08699081928609
59.69203523523361
-20.21785040057298
78.37624437274262
-35.92509286037104
44.1505357239316
71.11445305443318
71.16767005124908
-99.92546638659057
68.69684396699056
-81.5559040148096
50.04209907232192
1.472249840531948
1.466052799345676
43.12882680110043
-58.74690268339751
47.74095864589194
-50.85404701301318
57.76488720547079
21.56033364867933
-99.37938335245123
-0.9203475638520777
-5.459266882980836
-43.5627911658866
-93.17910393932243
-0.3662427846135842
5.611511716762295
13.13642725627415
-54.97019301753118
-12.62597163722609
-9.106831146217933
-43.79160610605396
11.48369076820415
2.956148225071656
-7.155441135771413
40.76161269506306
76.94738856718382
75.13077172904265
-44.31770069964646
-82.37656334477182
-41.25467290251971
-37.96044732265207
13.40494489745528
-47.77424895898727
47.09077927329952
-22.74957409331841
36.35544354392523
-45.06091848006138
39.13871793095757
-23.63046253392375
57.34350373684829
-52.86921879567157
82.5768882805709
-81.02972936514209
5.230243748253199
-78.17276763360083
-39.84480886050399
-69.55962663223131
97.98779233673307
-47.47149718378429
14.13485644968423
66.52106640737084
-19.8682260299907
49.79417725361684
39.0987081873236
4.836142716996386
47.45882324449758
-16.91523312105352
0.4125971493089347
-11.01755126820079
-20.79188631594531
45.44075767779145
-28.38004314729957
51.02619977323353
98.16853588316251
95.735012382362
76.46066580720078
-47.98075073053536
32.88395756311693
80.72564268750877
45.71310695741462
-8.661993081042187
-55.81913205154287
30.5945946251338
21.52858189614155
77.37831403952761
-0.1285202379419183
-58.4360033633662
-83.47573578266473
-93.79825884874701
71.29404441191105
61.17549479221965
-66.18105612816021
32.32095713893845
-25.77902861331667
-98.89981464642975
61.24978659795155
93.44285467878302
85.06600233166274
-28.17373129106745
-11.3700417344587
-26.8844701655167
19.35338599056739
18.97844112304309
-96.05176926628111
-22.98576868307113
77.8884881430868
-7.853391174377131
-40.80332730320239
32.00051740802274
-6.339527236106965
-45.95770173496462
70.73397537256763
21.15553636140701
28.23743309284816
49.81381520375358
26.91965268667834
21.93509779974211
-18.77708186534633
-61.18639775830131
76.34093691740095
-63.07908990824309
61.19486610436741
33.89811355671174
52.67026164115018
3.039702262411916
-78.4189808634714
50.63597269568334
45.61943657403844
69.5345081478672
-6.892326305936544
24.34885894951935
-27.66092090803095
-46.88986965164651
45.71065211290697
52.08290646331226
-16.85857369422526
-78.14595110764898
-59.71193748945009
-58.45057776776154
-4.619579079535304
25.40877098817907
-57.41341495232572
-77.46507811004184
15.36599271608539
68.4154838559203
22.38097490169789
-29.1601992418051
-23.26317817235076
-67.70703407315062
-5.30235261945515
-58.59445562594485
-17.2870498850325
62.55215370758885
32.89979674041329
-11.76611849053727
-45.73103741338461
96.26287813175868
8.172345037274988
41.34807099675505
24.08409256404726
-69.98035751374211
-4.068145085160375
-17.46918392253843
47.87423730023337
-33.88520655104561
-53.58132227766617
66.74078712059817
33.63896669694324
19.7733928555594
-28.05795095513043
-63.09327389502108
17.94287569386427
35.83297563064576
-29.66654370350667
18.87815556370434
-44.61486395674287
-29.66006177368228
-40.45476825667248
-37.00963639973915
-20.62285935837527
45.31637589193799
-14.3557184634433
6.251806266647369
-41.88477012477353
76.461396364964
29.83760762514576
-19.45818333083564
-55.2243854236515
65.97206008476431
-62.03286245266489
-94.18709492502536
61.89066384224648
25.63644094001637
-3.080038149455738
29.62579145490086
47.17794128555624
-40.72319125095079
-54.02049817193804
42.22054287365397
-90.43194601205285
59.94126593828234
95.91798837684861
-79.30894736877774
-59.57815631267294
73.38522198541084
47.52441325491918
56.39691276460413
-36.62630973257504
-66.79037248076378
-42.1822302017375
93.55064693386235
-7.586297286819099
-24.20712014261116
86.06764850578898
-61.82180705798545
46.25935294888425
60.95815680412663
95.43580469084606
-18.19979499299571
6.557556859992773
-23.79207104603129
-4.373733664318036
-93.15272809957295
-74.93221351824249
43.48949606024511
23.9722626650449
-67.36061774117518
94.77991643703558
-8.677903883060775
-64.73605679982556
-64.86946466623297
91.24216272384331
-73.02647786207721
-93.90609358998152
53.39192271574412
-17.14719697978564
85.82833045789386
70.98947862980212
-3.115243115838072
-48.9079468052715
9.654156256757011
36.44572662343535
-15.78474255493764
40.41682554404347
-63.90161926236343
-69.00047773046191
63.09807886365223
-54.4115352614698
-12.50903723916188
32.67432688632326
26.61644632214814
-38.27006723536238
35.75058792038403
89.06425338335359
22.7980230554384
-4.041108075825265
4.59341752170295
57.00252783890989
42.80721356045956
53.34998076857301
-54.13689270718377
-64.33986037221595
-24.68162084495155
49.45246538809128
7.3442938618009
0.7267504398806491
-63.57674304529405
79.15871937254757
6.57740400163212
-75.3659331014692
-57.60671729298691
58.12677676093474
32.27568271672126
38.40812556417117
-8.931049368904107
65.50389828366941
26.25055584583961
81.50997282959433
79.90777031608822
-17.76316979391737
60.68195317220343
74.97801493751362
31.81865212830323
58.86860604336005
5.640761232746526
-53.90280421599844
-84.31565542399152
97.40636798701388
80.98504702276271
67.11623468245821
34.49027614880553
-60.54657727139949
-57.04485034052683
-13.33514044490089
-44.79140466925188
-86.08721241867613
-31.70005244257137
-93.42402725786279
-55.87102354396693
72.11939142106056
7.982803442986891
-95.63858639685509
1.066869270246807
-60.66587254583206
-84.21643844013394
31.86604110396807
15.90401822324164
81.29366662590031
-97.35717716886597
-58.20446539099042
-96.38633322770048
77.56916606206813
4.022593154323487
54.63402921567268
-31.02184952807829
95.6135295408657
24.21154547425946
-4.806270380664952
-93.49894740595258
76.81009633308943
-17.63650556079359
-4.387441062918541
-92.83708893478735
23.75312347259534
81.94700852275196
-46.51293253176006
25.67706283232914
49.72934367142403
-30.50907959728573
-61.62436194361786
-51.20925193156418
-72.28975511265664
30.42580215199541
-82.90764501622651
-23.20647744492504
12.72559176265743
77.62196683154158
-22.69694021259217
84.54034319538714
-8.523612805315523
-17.1191525472934
51.11894550848947
-57.89123758164531
50.81009053923778
16.88214432561002
-9.849843209943486
58.21331456246719
67.60663228925668
-13.78805074269938
15.59836563540146
20.10632197044797
71.0745875692308
-19.85328046182956
-15.84636340436048
82.92083189075056
-38.68727593460157
-87.01982789499147
-87.81300447205675
-26.80079792751066
-53.44452116653914
-31.26228877213327
31.65998555602769
65.45526812650914
54.49331062114984
-65.77590156425424
-21.15523284368289
23.55732426769221
-64.99595486813334
-11.26103946325145
30.17578412626013
-19.80085739481619
-48.52216243630452
85.30055749223803
22.33869012730513
-32.3291611597617
71.15955924801283
-53.65979844070888
-54.75433492813933
-91.7266848814108
-58.72475765052729
28.76798060095026
-87.06949665442228
55.14584604233068
-30.27661462385349
81.83042932593652
-57.91364837190748
-69.44739842364956
-30.32683288308303
-0.5430910970946445
16.09850118636634
14.66221576933247
-4.658874696551528
17.43776734132241
-29.57073294320476
-78.77867828217602
-42.83245397281204
-34.92686900616604
-12.21653714920412
-68.40225587432512
9.360288191597622
36.15833088022795
-25.64782629055445
31.88752734982956
-39.44981132412508
-71.26486935184218
-17.04460423226187
-91.25478124538232
-92.94030254945602
-12.90786777897794
17.65064184191781
-48.20358788342373
26.47917062108259
43.25403284403303
2.964556439328244
56.67909648366432
52.07553079291832
-0.2186490401360612
53.31238220199597
-43.70242105224587
-84.81602071267744
-93.11152506203921
71.46934714922884
-5.259734580118605
35.18801148467264
29.13525092584716
51.05431127697351
82.34316615016684
70.32601413524988
-70.60813759714294
-96.55147648605985
-21.6454454174584
-78.46504399709846
46.03756142217656
-57.52284926271072
74.59861920883822
76.96084840472885
23.7071836884464
-36.38083841015208
-53.30340536842416
73.37436240087938
-13.64717771549792
92.52522640839504
-22.42602621224033
-29.51860418583318
97.76900647542708
41.17793079053065
51.74141358616788
23.35599807823299
92.62554417114507
9.809972210635184
12.35654426987976
82.56121363991058
-56.11467277820225
82.58212574796929
-89.42607522506547
-32.86388804137195
-19.67596729122103
-87.63250085521925
19.62018863799744
98.64297742139615
-86.55608079590864
-4.181568123529974
71.59234106022501
-94.08616967782345
13.15273949864129
-61.43294398650768
-34.88835824008669
11.20960149506312
-45.00289313823178
-97.30992095787043
57.43218381426986
76.85299313822357
-4.52130100664824
30.83085168629133
-5.130573878891188
24.3903542716422
8.056614580867128
-44.82026340330395
29.39450253821283
4.419204507345373
-26.90479373998417
-56.64398105778247
-42.23846196249023
2.51961809466379
38.10932396725203
3.883378452883798
3.444383999831407
-89.75217992039858
-48.63121563464334
67.56965934025698
-78.03726933063827
97.04280617313422
69.25124106206616
-22.64237651335885
-80.31303688356583
19.64516588150674
10.22992772186004
12.70418599402776
19.1611499846794
93.23875258121667
4.349774139334836
42.91738866963977
-71.65172915569862
-93.46577127502749
-71.99997999879704
-1.030348978613227
-23.78597719145884
-66.346673263659
-95.794562007056
63.49431684219344
-38.26928575751775
-100.4794496697091
-22.69646683536577
10.20253509143254
20.84688552715724
-71.21080138860246
-77.41705442022786
-65.37082081200568
65.80369177347889
49.40719965121587
-43.81008643384797
50.00015915980774
-8.594006604968484
30.57741981343881
53.97793457878354
95.46586201743179
59.63802533152389
52.74623200970968
10.46917921380581
-37.48932922154878
-49.37033399049534
13.83070059184172
27.10684864196357
-49.34863948426012
-56.70514052686976
-19.55005393091005
-15.9278758275702
34.5491537725841
-37.72071795268991
-40.01166440591425
15.48325638682322
11.09793004595372
-95.30592109383761
28.08599984231631
-95.54046197738558
56.4386478111403
14.79035694422885
75.17242242511907
-63.656429704442
22.9821632579749
-20.66894911647372
77.99873640897658
29.52571847400426
93.20206561544555
88.89113863107613
97.95991710774366
-2.064304099074765
-59.13150759696948
42.10000059862598
87.91476171585035
-48.74699500042477
13.84905470077187
-7.814316948773828
70.09021360848922
50.44782275785952
-60.72905827980382
-39.64050910696535
-29.4708910495692
29.00885981548535
-10.87295953794133
0.7871058280322936
-37.18105857384641
-70.793318203832
-17.14324326696037
14.17714229175019
92.47760706501748
-70.9082533598485
-69.75855206614473
54.16201104815975
14.34828538254978
-81.59020229693513
-27.82007680036159
-62.95542400837078
-36.75826452931496
67.25129868104663
-12.19236082153843
-79.12568401231242
-35.82759282270834
84.1188200918389
78.32598640574719
75.47799498551069
-35.96952989016998
-15.40298002184369
29.76472373467436
48.42307909223608
13.93501850651005
94.37304139139407
79.93604627026856
57.70273936375864
15.42137774851017
45.81467060748847
25.1822928286485
45.31501875888895
-32.43361493008619
32.38753484696041
-86.76310338117472
72.30707937746712
15.27719917690744
14.27120110465407
-14.92325489275011
56.57013643299419
-98.25001110944473
8.593908644550782
6.906205754944036
20.57357257777672
4.826379728485561
25.88769134399607
-87.08716239090974
-89.66425914119139
91.44479267824798
-48.58884875388497
-23.80218899120274
-15.35306611188065
51.86038931020227
93.8354924119934
-73.18073620748521
-76.16690390914346
74.54943104932626
85.73175161394853
-14.21497419577159
6.366624190020278
78.6068561244565
62.48932279593779
-79.01158600711547
36.88500070963448
19.93861792702008
67.78228810442532
-27.66677893242293
-47.47358336389013
95.50431425751449
-83.03642259481558
-28.57711591173886
-65.6450583549491
-32.47892061453494
-4.464373657725792
7.890087148796482
66.83014096323264
-61.28254270066693
39.76212820807304
-6.451535534407649
-9.190755992593811
67.34946636703182
-58.1347315632806
56.38986273015155
-87.75989523886111
7.522349228611983
-44.65268499922678
91.15833441526124
0.04297344123686799
-11.37776829907271
-98.92957426697535
72.99486806171804
-25.30159564168988
-95.16517880262079
15.29804997125733
-15.75565145980299
-13.37074669113124
30.99800557967069
-12.67298994296223
7.317648222175392
63.66298923864306
-50.64218421153589
71.43158814020295
-83.59611559713895
-80.42243108477176
-8.971074567291994
52.32528984773241
-75.79877341193082
79.27261144843914
52.67987153430104
-26.38147647303717
-1.057407992001192
45.54569868831649
-18.88454261194207
-87.8729551648599
-25.35830524728229
29.95314913883208
-49.67903504679161
-41.49550756486419
-35.8321317809665
-77.70496950958477
62.33017734657395
19.72560389705799
12.84339542651528
-97.99080514379619
-42.00054023746767
45.99427439273109
69.18288471127204
-75.76983699708708
-54.51356221144709
-28.94752989594843
-18.22449493921988
23.00523247283702
15.00594702984064
-68.360200473516
-66.27550079738623
-73.72823604089827
24.68848785425721
82.0942062237913
20.86831658351382
25.47357720579752
29.39649490792779
-28.72889464980468
6.659953122999564
85.35037062536713
-6.726712400122452
70.66106365142535
40.25608917601926
-8.168973796819747
33.8982199175562
28.55592620666669
26.86874329013674
-63.22697060149225
34.98907963521069
-91.64800487114847
-68.52751686916757
76.64073830557537
66.2382926809325
-91.82629170598879
-89.34925683104279
66.14076997056173
-25.6999818851238
74.95720946053078
-22.78878625269978
66.49333601174084
-89.94868963589579
37.20466055573211
-58.92934479974375
45.02263485597112
-42.20208535771939
85.47921015136374
34.75245413225007
65.44677060022198
-6.914501073359149
7.122604507616169
32.96213780887644
-63.81797368717797
31.49952433026673
-38.94459933908231
61.56887229123151
94.52750046488842
95.77457864231216
34.93030965963997
-63.82889545499195
76.09703363624881
-92.56090995463046
-56.73567258811125
46.25773351920612
-98.63615872132389
79.31362991073156
-31.52794489458129
-31.11978253863674
69.92822825823394
-54.70119009699494
-73.02519399221862
42.09384091741816
69.6338788460282
-82.12374399608603
17.26253781995821
-21.64905394284084
-1.849418184714202
-19.7997975913791
50.26813561470112
-16.28826436553119
28.81564002397048
48.971603480819
-4.036835350925569
13.62549971362544
-17.62199712944661
59.27184507618578
-47.11774297741174
45.31096745221425
-10.53405637303139
-20.0430765430469
-90.53303289851023
35.40982527131995
34.0382606928476
-94.61624891574881
-53.4264706974913
-69.34665378463572
-35.3019130002717
23.66487757842174
-64.34370802235703
89.37393663723111
54.97382866172286
43.21137965932061
-54.21646648525865
-82.13836683553015
23.28879252800799
85.95455942310085
-42.55416960174539
78.41530643069443
-26.77374567074984
49.77855698720285
4.761558291052951
-20.41126201666637
-83.67907528470879
-61.30000673136357
51.55174188297033
-80.85639962441485
-80.53163724150428
49.3138751988034
13.8387542036083
12.31530769950468
-47.72749006640262
38.21530144125672
-35.13029608989252
90.44253237285199
-51.60658447333977
-62.50155720744325
44.40785283319585
-68.4868673480151
-91.83100234433525
-47.37071861528729
-38.38123789027093
-3.753543163804673
21.49171578053264
85.7414896084839
-40.39297035422418
46.17453759772561
-25.91753546980938
51.27051801079679
0.212615477397589
-79.62824066171929
95.22789926643242
-27.09927706479809
52.09322763676084
50.20422221812125
-50.71672602115698
87.50798626864945
98.74299381729877
2.992851033001787
41.71308230434933
-52.62379068015282
13.03912390626649
21.44830283031924
