-24.81894730935242
43.37289052340361
-22.31980046493388
99.53501109833218
-76.95953279047554
10.22583555545665
13.15264604973213
-89.80736924253759
54.74046246486212
39.44369141041719
89.30067012667422
-80.58882747680921
83.30316186178082
-12.44407370110968
-66.28511670629204
76.68395196274453
23.11795314953154
-60.48829243777539
-98.79715798916445
-50.93721386343854
-25.58989929672394
59.81220169868262
-2.390635869823657
96.38730047256493
49.00462041757908
13.94197294812735
-14.05333843985776
-63.43185309067047
56.37700134327437
-12.64513012018032
45.02368981320343
-39.3551218562963
-4.679130132629254
-50.17470068148479
-93.71052157002249
-13.29897565947422
45.90981649584126
-92.34757742392812
-41.16665880551482
95.07103851290482
-19.20060706579374
4.891687152276983
-92.55819489606986
93.96452712440106
-48.6156499691761
17.17983042882413
45.36147452059777
67.68416940205152
98.69380306345948
-76.52796886074533
34.77899203727722
37.80374074401206
57.82350464986719
-11.05812622388658
84.36471455423982
-61.97619455621294
64.65280747895439
-68.12593065371702
6.400035925552204
20.29174975617804
-5.011158044884922
-12.26530890530688
54.00645548240295
-54.80207485743078
53.02415342519383
-27.92648357758041
-54.06271069617634
31.03768004207952
36.92031943955185
26.27801915932112
9.329087509822815
90.87684085934517
1.135323408342685
-2.77474579722416
47.07928253415961
-7.264290264604968
87.53735104293057
14.29748223866383
-29.58853262686156
-4.200170099978539
-29.98714760589073
-7.107206988955535
-41.54988827024756
61.79792097032964
-26.18198097491662
80.15347197615381
97.19726113370653
2.411626027945513
-86.96600076538832
76.19355978054767
18.36970359798308
-89.40725545767492
89.32375350150784
-16.76094791804508
-62.20120222555627
-18.79444702407294
12.32596371498684
54.01126769031335
41.26589656153133
16.98339444535727
56.05841454515119
-72.6632630215508
-51.54684284700376
59.00390994469883
24.21380123101347
29.5165474537869
-53.93337802866681
-14.69632735435259
17.35981902947647
-21.16060265743301
7.533186123041537
-70.31027027552355
-54.20992111369368
-29.13714161849091
14.95373025497767
23.54796504844519
73.61018429431729
11.78937124288301
-6.333958884779321
32.55937754717184
78.23867727657027
-58.47782354659204
-2.017634040073694
-79.44221841386467
-32.24518138812894
34.76084947152635
-15.51954526370844
-5.867344593602648
80.87788458553619
-66.39251155776741
-37.54147532407308
-87.78868169618761
37.70316000474942
74.21173746040721
87.4481273874368
38.38110877322578
-71.25905822235524
-87.3885390430019
79.84416994775117
-66.67857374029442
74.93418656104323
0.6754930479401003
63.00844220699009
75.75721185427466
-10.18722357699667
-43.0110379454819
22.56083240378528
22.51601950240557
-42.84211610865098
-66.37379354867872
-4.829442306146515
-66.11758229135978
-45.29605553319173
-98.90581559626625
-94.86333421655785
-82.31838845439526
-14.16358545027808
64.16200167594455
-11.91205452510944
67.88393292692996
20.96084741434409
-64.52756099585851
-5.548988235301879
-72.00838720656151
-42.5224406127094
-4.555053193942812
69.76885281198727
-1.483324590134573
85.14103524619117
-2.958225593905214
-25.55908970978093
52.76064657410732
78.29169822376963
8.740260387879983
-16.03328383284228
-19.57851179309406
-61.81908437114074
-72.18758297634278
-0.908520882945113
-41.75283755797224
-93.36460292887017
84.99938717472305
52.92307731394617
48.49014700457421
-44.71612728208703
-57.45806551781485
-65.80887200638227
-56.8401515113547
35.0944843627986
-38.05516645386815
87.16540276897996
84.56268421083979
-51.53970235673716
-53.35434142455043
4.574210046079505
-22.16146437958744
33.33027609362264
-42.90115372413367
-9.119713305080355
-23.39010417175361
12.80185220522143
83.64744684097955
-67.84306975384892
5.379329826898005
-6.766798090979422
-5.173889616781056
48.59637817873814
1.134599956590021
20.60976060353946
82.3995659797217
-20.17465246170552
-54.25319541768297
97.64684787477937
-72.58324994811903
-25.28442354166762
67.66759831684482
-80.23255592576304
-80.60533519861384
51.96552674702016
-80.39444813340891
-40.72959050656566
-99.38803657324662
-32.92403800101491
-91.05317210113553
-18.0393474773086
83.88949489708746
-24.00352976612366
-90.66983338243485
-88.8681881245619
9.721995067971964
-37.99898827247735
8.292980892666586
14.79864842693349
-90.84287328455446
15.00828871747311
46.48868294591404
-29.19095981891719
-45.58431120728373
6.982227848379467
-9.015262770020865
66.44784298241763
20.13446422987915
6.613025617456682
-37.50096860843823
12.11640724516135
78.81430554359574
-77.04737846391616
-62.73147480165922
57.55912422428266
8.882534347800121
92.8670602610509
-84.37077021324178
-50.9018972319048
2.179979675187388
91.44240247816495
-17.85391330312349
-3.771393498863473
-92.41617485836014
6.279657750257734
53.51145956096668
-45.57123666371722
88.45973612635916
-47.20379054345072
7.113348870324321
-20.64602353105347
4.892375214661582
9.50890760094701
60.32795631883506
-64.53909689152057
-79.88262582173711
43.07925787166798
61.4904097149774
27.20886265285958
12.82143716399993
-40.59887278189803
-74.73624089660026
45.29791024681133
57.28519817059278
57.90219657426736
19.10994848241318
-84.26090655050267
68.98032010815541
64.32243806765277
-58.48968892824943
13.2862506467335
-5.025467083467054
-92.81871433060614
-22.23951010660248
22.28166075641125
-46.30756613388093
31.67080174147413
-13.83554037630578
0.2059894236634754
-38.87638367545586
-95.75414462774093
-58.79899185180019
-60.96176042386825
-49.90557031883468
-72.15171806961233
43.52353678107092
95.56638233990753
-34.9410046168209
77.92834631264223
-71.20307226803246
55.42068243508784
-62.72494974781603
20.80626882781837
-31.46993076324302
59.13534747883445
-4.701764414903233
-1.56973622357229
-16.52778875627627
-25.53237930795789
-77.23481084006536
-11.87305975903855
98.34728082506365
69.06930190778212
1.209987398630566
-24.65956275369436
-99.55120512625025
96.8714197149156
-32.37903345200239
-28.81139740483608
-97.16497693751029
-21.6208830819567
54.61252616921354
25.31313592223714
-36.45653203222318
1.812502423211158
15.34169597030824
-18.8811666157884
-63.33412629520061
63.43067511719879
94.36584497288668
36.02055222005134
-85.91762567092348
-38.15993800626182
-40.57644847429825
9.984133870355461
-17.51647145029111
28.23496064514717
73.11245856486698
44.41163563526426
15.069708120743
-1.082783039707292
89.97565800093975
-29.76280329311928
61.19497283328516
-46.08690976091574
32.3893950717555
60.41287254388639
-11.2236673644553
43.64792625661816
43.50372315838735
52.46514103483456
-49.97857370156935
58.9040016360419
-94.96150116923771
22.89058831074797
64.11507355477083
-8.337474751574936
31.03373195471321
-86.43608977847641
-45.98526849700615
-25.9850549732689
43.35698408124584
-7.415553913019261
-2.424673777923756
-55.23372332914522
0.2399949227382033
38.4038722336563
29.17769004403699
-60.09630589083543
34.2956858188809
44.88379856510755
-96.36254624355077
-99.29215863412961
26.29159509516096
-7.001767575487252
98.43408831949714
14.47767794809669
-49.23395355429484
-36.04837061570067
10.52400190733922
-25.44463979159576
-33.0026281896814
-16.90482449186282
-45.70133639393123
-98.22449946002044
-51.33627428774194
22.62553681818052
-35.56057689918367
1.387967738337964
23.54423907693817
-19.89269488067842
32.9580128267205
0.6716796953617001
62.63453686622989
-69.01802683315867
44.55132555732226
54.45638238292869
30.15440873211446
-19.02593132468453
-26.83590494837964
-88.2484050428387
-58.54108491785205
46.456437801747
-98.82971707341486
-37.37293440943618
-1.633193925134829
18.96207873580485
45.06854738506681
-19.15007874658716
-93.2011829414616
-25.00297001163232
-32.414934057337
86.08617890353207
-42.80503839782903
-15.45119204575543
87.81053342922898
59.76655203755599
-35.37161164442233
50.34781439344114
-41.09418109278722
1.562579036681829
31.45164866349039
88.41760601331933
-26.94688371684408
96.151705359456
65.05144523951981
-52.01218530900265
-35.77361719259347
91.14730913377421
44.74520762682832
72.65564246632898
3.787610796843657
-13.7611503020549
87.99228550832274
48.70292976863698
43.81001491861266
91.6862519783986
8.083129846022317
-43.95710506960736
24.5408355414574
33.504306153177
68.34734125347531
-54.11011873965019
-49.93660422623653
-46.24263214490501
-80.38397445705765
-14.58870856861017
30.95273517147042
-12.01058048914334
80.11382336721151
51.68966555283176
-11.30909463617916
-25.46070911456016
-81.62222597502455
33.69552609406671
-93.60371467123952
-4.4611892592692
-99.20181915079596
61.78013538638631
74.02533973252534
-33.05421141214655
-89.43512764126218
54.3399382639552
56.56660761090907
32.81293206109158
86.25934009574388
23.97007405461059
-63.87492557638226
5.241539965999712
63.89494528041794
-56.53819183037277
71.33452280858889
-65.2997788534381
-26.93403198121658
86.94639166150104
56.49583259473023
18.61727618907216
50.6588047146675
-25.73835697705022
17.86968925489464
-1.667438792220112
16.88855812319806
43.46346698965765
72.94435199281392
-59.90694150057475
-90.52773340085908
-38.4636793276628
15.49785354695646
16.68504774087018
8.156169201989986
-3.91784272165169
-2.505157735320927
20.45757545486945
60.69711631111328
-60.13815533841723
49.49306175874371
-18.51441477239969
-36.25189551754813
44.77711969299992
-60.3677009323464
-59.88179404109984
-99.03259549259192
-47.51162901659973
-61.47170712727092
90.59178006635253
80.81115207632676
14.86316340593427
-96.39519682263679
-39.76222817154328
-88.37752407440036
32.08782687709571
-47.23013894949678
-63.64500918810205
-1.892147180376063
-85.84154410215487
-3.197887004438899
-7.356669566902176
36.51353380896578
11.76766689874773
-27.65905397972787
-75.41760544068956
16.06157506841022
-84.44799319936386
-53.46826321226737
-85.62784173633611
34.71331230986122
-31.21492572831597
-74.09313804574549
28.61825663153495
-78.58484317168283
30.97329408240562
19.88020072728868
22.35741029314967
48.27379215217766
-30.14724399324709
86.44509298985813
64.01834878988537
29.20877631549069
-49.75028102208265
-53.89801197008034
7.71579589665458
36.23361343331074
-91.79995095842162
-95.91986982324596
-37.93884467794018
-40.85328999084851
27.63263369246514
99.28953031043805
70.82436254503737
0.8233599943288081
0.4161400998607381
-20.69325677660564
-70.23375092264283
-4.305240622267124
12.44195277926052
34.34427152050104
-3.286314502934345
-11.05590320503114
0.3173135000051683
84.21360292826141
12.92735974946663
-60.98427515052624
-41.5783782279307
-43.6010992412768
-86.79225478006204
-83.44731371964316
-56.44863737458765
-22.1912499413751
16.4585314450506
99.79389785669429
63.16668611432893
-50.83462844355692
-89.1993373478704
-7.196822315987307
77.65688389622269
11.76521144938034
45.74305440277698
72.05124369591059
-37.47277296083698
-56.03415752290091
53.16703629738881
87.27598508255655
67.9541949444075
-5.843126965108128
-69.34019887207464
-15.82804235906862
53.22445470178357
47.10250251646185
52.64088878306755
15.66603163279357
-56.75934080897363
20.03574510658972
31.31040509943528
-98.08273768322134
-86.71554621003266
-45.08153889831312
11.99429901578548
98.20816749118177
-70.99100593691779
-13.60863027738351
-74.22848998887798
17.28349672484972
-78.30417864474208
64.4608920841014
-62.34227797090455
95.41043757370844
-40.58697517143172
69.27129840864664
7.935589765243652
-79.53913931558205
50.03082346558298
99.21827714709679
-85.88603964782166
39.30875936626648
-36.36540366231974
-15.26896549940463
18.22438848639106
33.11180563153924
58.78628704293073
43.08733710257685
-52.73256280084105
-10.81487647491727
-43.25023856408305
-40.02303614526505
-50.78234881881509
60.47665730250257
-68.71010905292636
-24.45252681818294
85.34557480936671
96.51349303649204
60.39297193855494
-66.15933220200397
48.12537528541871
87.70043361673324
-3.623641151602682
89.24922853596482
64.9533457876984
35.95463710941208
40.9047789226215
96.27406648180235
-10.8776445472007
-0.555818319934439
17.96460854955507
-89.02853865840208
-81.97667256037387
-18.97631640665161
-47.55686095056228
14.7038733381958
-17.14870037398429
4.681674981467745
-52.86831211532175
15.21486871866832
76.4148566758432
0.9372105677913606
-92.85979903231373
58.20488443115504
62.33169487928895
78.06542724553425
27.89230301027342
-76.2037334094037
-63.95231755332708
-34.62154942027571
32.13759261679132
57.95339040346528
41.84762389193944
40.3200139348695
-95.60213256572467
-79.51396935165245
69.92932681388656
22.52124296980822
-3.091481558856975
12.31490151332445
5.187735574786825
36.69805784828737
-61.14214529813391
95.08884365059286
-19.75938408476381
-13.16873272483114
52.23155997361572
83.7517669494647
71.56127277675883
-91.87099950646375
-55.79990441718314
15.37943426662572
-4.981384102383783
20.1880617436857
56.7926134221867
-40.6360480287741
32.02502561050282
-46.37931199109314
-55.03374002574305
63.76740287925134
-5.948106121306767
-71.03287678552657
-11.74706618152185
-70.97910259758878
-1.683323699349061
-55.19052660527457
40.6173815748583
-40.178874753461
-26.99333662593938
-55.46684113032101
12.45348807864997
6.793418962395161
57.50343480675567
-97.91581969846528
95.19279270188892
46.13904750084911
90.60585461070738
16.73654072361235
-29.31405375043067
32.33267299397142
39.42000706424895
2.682362363557647
-4.715157351207454
-3.569043696988027
48.40770726512613
-82.1621910893605
59.25140010642861
13.24165285154107
-10.5656473966794
27.47181534773433
69.91557599567372
-11.87023626089904
-0.4260083407561892
91.13805235380494
-68.97064885888817
87.42459898333946
-23.67489931970227
30.38827759313108
-26.45536534329555
33.01890991169073
49.23205999856648
-52.55868278243801
-26.84269512185694
-31.26127101853789
28.69350996522103
39.34872827502129
63.8542591077721
94.92703240132309
-20.19199617260411
-94.70637827670387
21.35534494495864
11.35231952928623
-8.250205019327034
-55.57804477973263
-11.28932013913208
40.00698403715688
-43.33800337879369
35.63550012935751
-85.88018919343408
-27.7468492372791
63.43856223972642
85.97654768268978
55.7410469125586
-43.26129633785673
70.27582604849324
6.419714361548213
-93.34205678211049
-63.82753653201166
78.5281691290416
-51.37220767981766
-71.48503212960642
-73.32011481431955
-87.04781846324494
-49.80041935621492
73.6424824127421
-30.09797331648975
31.56430526345208
97.18265522008525
-91.2464520546549
3.386372042350042
16.27738710796378
-18.74635415770159
79.2363810401171
-88.54452189090438
0.3925236956661969
45.67131980422628
-70.28936268416122
-3.145155150520374
-64.28308944569122
61.18767897078341
40.67942732362944
54.75535959062186
16.13094904419793
28.12888291304867
-0.07478189296399869
56.03459755740213
-94.38954317404033
-44.17526855200917
27.27330892240459
20.86348678886683
-70.19487723385402
-29.89428851653319
27.75878555049257
-81.37173395684617
-21.36341574161318
-60.79065486044956
-24.54837806132425
-98.17751714076128
90.51185857546366
0.8549544018036784
24.64627811308824
80.45891688029228
-53.3509168073747
-68.55621531157445
9.246889489694144
-69.34339560612763
-46.37702625424117
-22.60830804800923
6.651251849135735
83.17203218335433
13.69907291268751
-86.42791306143543
-60.85309875616574
-44.94190242516861
-73.40354870255761
5.049605944366526
34.58942453551073
58.0979863590672
63.98394329654329
-36.32779642434834
-8.605597939720875
79.85752936347758
59.13842763470038
-32.73211758732199
-17.75775516136038
-53.55104873906357
82.05704442789266
43.86670830984215
-44.3039341922813
-36.5242325152926
35.65076370450848
46.24373065438957
-15.37749076885372
-77.27325891275058
52.01246472595168
54.98454347287034
-44.02108367781014
22.51765491093693
29.1612394587916
-92.2826283921621
-47.3828518240669
-70.60950157419262
18.06044002771247
9.571905401548717
9.731082015548587
92.27124784304272
2.321532140993851
37.02925404097066
-69.48194332709959
-14.51962007029573
-95.80334763356623
-45.866748747671
31.41869464170767
77.88197565839258
-36.03418073748366
77.69864485818239
60.04308118256451
57.19151356126858
-19.53450993276761
86.10306104325619
36.7471604272706
5.723845127251971
-53.47338759697048
-69.24202545050304
96.40535081126329
-8.161613639520002
-88.99929105143205
66.90464852584095
-18.32151446210555
30.71914425001711
-63.55493330917392
7.110808137611156
70.92821594542018
-40.22295985146185
-35.63359071268717
-31.04815161169935
-2.951243068054781
-56.57657241500471
-24.84964673519738
73.67955965194449
-21.06536571865062
-87.2850516553703
-22.73532084879513
-94.59741180876176
76.3484150572061
32.47133856721286
-38.88343749365171
94.4183127750446
75.18408047803344
47.41893116287263
-71.97281160770423
83.16310213197518
-44.68750360931003
-75.45348252843243
-2.033250433276311
61.89349676375547
22.91200913878716
-9.727050004601963
-75.0000082941725
