56.84545784160571
79.39210707993418
75.85672010126672
24.30606872335601
47.06870836453836
77.36368405749521
92.54199340885688
64.95802718294311
60.08343248942597
50.11362097782833
-4.164553287002589
-80.6092154115283
32.18700652703696
48.57777147905353
-31.63711627736114
34.8237476274018
-82.4935180051027
27.52337057881738
17.64528024338523
37.0943699210866
93.92526743214246
-36.78126549671465
-36.43462239030747
33.04716314123593
62.28467917600313
88.88308713575192
-64.72684705696238
47.57484517993142
-32.25945566994437
39.35583958642736
-15.28626010419841
-32.91305552408726
-69.99330007261229
89.26702858189699
-65.84979652919397
-98.59800324226568
42.87633429285486
-1.265236499086199
5.997499871683432
-92.8133398635734
20.50760734488768
-97.80544000461117
-0.1907871961281511
51.19226004103506
87.79706155836088
11.84712742993548
66.73727780596744
67.1476512645079
-66.85956588558192
-75.617422411098
22.85447146095924
94.27354331805522
63.86350496736394
2.897241695659372
-96.84881891650021
-78.34300373387923
-12.80201879781653
-18.42569369433578
-72.50187442047135
87.7636721185002
-28.4066191153189
-66.43607330196657
24.73658692027922
36.14546425842451
-4.086229275694451
-82.32725394337619
-18.68898133474837
-27.7405245998331
4.771409515379156
68.22943877400179
32.98075032350374
97.89374431238157
45.61840263094772
53.63537545964928
90.9534008025873
-37.74923826544039
56.15472305890743
-40.9310031624224
17.7909836003018
82.35374204841082
72.17593022590898
7.620417453354617
9.312346895217496
-33.35709399206404
-29.30013488594392
-53.8341583664965
-1.684828078811931
-62.87154843482564
89.53455645971334
-25.85804880676709
90.14346622174347
-7.37201153642975
23.75739258033019
-90.52701007511956
-49.896604306099
11.67861791815503
21.63986393575671
-57.65284110956248
44.37449917948514
17.35824990017333
39.42465444914694
10.42527800863734
-51.37666503556735
94.62285007403418
-85.60551721102307
-81.93240901448749
25.15439219709183
-86.69497276667479
-50.19829997757959
-70.10456449545592
-8.936519454850549
-64.81736468641451
-23.14509123270103
-31.672678738115
50.88700950044873
-52.14429306084541
72.44217439088334
-78.84038148755401
93.2315777617045
41.71569961571011
-26.11477912286662
11.49596857985069
-13.95258206441127
-54.3674214224787
75.39824342224733
43.11590638387474
-22.62192412875074
91.11819249353594
48.75667315380393
64.1136313603304
68.74755387135004
-86.10898871972671
-72.10305740493752
76.41250087847638
73.29901937161759
-53.53075852516584
70.57718820627193
-1.56870454223879
-26.93987006512956
34.06603269543672
46.12952694730041
62.94164969492585
-28.96765344112478
16.10681114044586
73.13673615149121
40.12778325893038
-52.18891556280426
-59.3757188728639
1.553521130058371
8.054096404589304
-1.839362013108509
-65.28353909792898
-53.74682127567391
10.46381046029592
7.462723123925576
21.04414579575898
51.43597986489114
-60.51788221576751
32.12563172879738
-27.30010843032416
-6.398760115123769
72.91647754673484
-23.71697496102383
42.37765230372593
-16.63248293102307
85.83688235800348
-26.15889897263419
22.63646740031314
-7.922602669663928
-34.1063964430855
-60.98699971424046
-46.52923123203801
9.849972862617792
-28.60534383226933
-55.54096568015137
28.80478255110183
-17.09866763929886
-12.25673129825262
27.24111798383666
-72.22328995308457
-82.0429975928816
32.46360683996669
99.40658114562667
65.00501862721173
-55.84418639792651
-29.16262673247819
-11.75725005691334
-2.77574544639219
-73.80655386959593
-58.36903478291645
8.888627182316098
-8.09632864358638
-87.18800155098357
70.2232863333432
-30.21451689886037
39.39635968173418
-94.26395542160276
-27.51824756829932
1.190746752777803
54.74584862129593
53.08217889311717
-26.06454008235931
-98.26398364812199
19.07366535376585
86.39828122202826
24.19284651593143
79.62927993806427
-14.06350601038149
57.15739984957936
-97.03844492514462
-61.13300717567986
-59.09332774879644
45.71542844291091
-71.49197120963923
20.73505202048111
-71.88652596223238
-74.9987301150762
-61.23514111117926
-36.70557227758189
-22.76915875133591
31.99488973217603
66.32882311922022
-20.7426026359374
-0.3758930116870667
-35.67156831412085
-43.6156521854077
-36.31596194019066
-96.08279326313939
-45.73894807897243
-60.24199767228304
-28.51398804747247
-8.641910434773296
11.72722333597095
-88.18553094327518
-71.39334637000448
-44.04861914092594
-56.6037181396773
57.50756803510797
3.955416699441739
47.13457864730337
-92.50757683056486
-8.661417475643582
77.27060230784342
-56.81863820125515
6.801552475260678
-58.82680585991249
-24.4322232848837
74.05293747640826
56.77386828383958
-8.566502796347104
-28.02040306585564
29.31978796992043
44.35943937238805
31.9264272816502
33.86214959846036
-65.7874380905332
15.84246030866719
66.7142828289322
-12.06933629418602
-4.836780545931849
19.59423011826117
-99.39330284774599
38.09195432925222
1.697866550838457
76.28020698675344
-86.81001081880456
25.95871911078504
3.89765407849643
39.64029337429579
-38.67707074571409
-21.04480218744202
-43.01925424318649
-54.33160242784074
46.40805545984519
-29.91700629420819
77.67683458665689
99.83295052549464
65.62486916142973
-65.02629081260926
66.87376496413619
-35.50291570072724
96.33485064620123
41.1967193508816
37.82884294561194
-81.39453260920875
-22.85667087157092
53.81994575926022
-86.27150224634697
-74.43440744442897
58.87469716469806
-77.74249509215035
51.33452343126952
58.60460399917865
-33.51146734837737
62.36990480593118
-31.80322187972137
6.719363654316425
60.59715156990594
-64.60054784582536
-94.76114818771343
29.81138448242153
-8.898448790852896
91.7971109658796
0.9313301366475846
-12.17162276207535
41.95248216454183
6.972568425536969
99.22224512245566
66.43284930042952
4.23470621198037
8.210866213070075
-16.36691266030493
65.78207109375958
50.66790042194352
-53.22162163106556
-32.11692454886331
51.18619242498934
68.55511566563416
44.54145316312368
-99.43088974015787
13.64246755183788
97.74030694796836
-89.07795046082754
-0.06142462606434867
59.78971880292757
98.73097196306045
-61.58113845347706
61.28347480788915
33.66163595389551
60.99132416214895
-16.93408400238045
10.82778801337323
8.511040742637697
-23.50271011295995
3.909127707000316
-39.87577922006684
42.66447935163418
20.82642968228765
8.840928505116286
63.35412764034331
-58.2772357742503
51.66956108984682
53.64377495895264
-82.78081300543518
88.34558843967207
-7.476864584122851
5.605877150961155
-39.81680964215452
-18.99333910291411
80.94873096695417
-43.7648141111254
-81.85838722328087
96.2405224358066
-28.97694425573008
22.7693703485793
36.87061774132455
-63.27076379135397
34.25949308240455
-74.58095135988547
-18.09588247342527
-78.29735090015089
12.54897037355435
-38.43101810352409
-91.51334304230353
-71.98505374543612
-6.675720812257481
-47.53938180744017
39.84864968580728
-99.14132347992583
24.21026267335805
4.143679452376423
-2.681315473858105
-32.93324998739309
14.52008791570588
80.23274341655757
28.65209316022543
-12.16663205055796
-22.97543694707692
80.37612799637097
93.8261111390121
4.443864226499178
74.26759636432388
-81.58910111564853
29.0747260165469
-54.34785238975282
86.24970261768951
-43.60023055151087
-98.26000539208127
-53.13982084729874
-6.750437203157689
12.57129680237176
17.60437593032973
-91.49851468471307
-95.01766845931918
29.49189629442152
-19.74300782589027
0.5126778969651159
-74.98036668570742
81.80298600423303
-38.81202589316972
-20.12175104168552
-0.5341956181591495
-73.69090461403628
75.918314252472
33.58331956500798
34.9887477479637
14.64261863341952
-46.47224838272258
-2.50929113190917
-27.77424191487076
-82.71455823879276
-39.1325514450955
0.09827812657505722
26.11209777584746
-27.71107671930484
-72.77411225392908
-2.924397294583296
-40.5468718628547
-18.5624274618641
22.32869534239551
5.015527812575823
99.00562189503216
-1.892695381277075
89.94891966158164
-75.23562860293774
-68.28798857631142
69.32488041384295
15.70593316365058
-5.068613245578155
77.09848824953045
-21.65902911182387
-20.12955294449116
95.04186674873679
54.0631412731222
-24.49023126620706
-84.56173810934953
-28.09586894620196
63.12516115582093
55.42561479460327
-63.76124788431083
-19.48761126241555
-27.32447289057213
51.30627855638671
61.24885125399106
-79.78163520445143
16.46691459274361
-98.43325343307299
-1.49895591903241
12.32847156210489
18.48160364992979
-45.13232131077052
-2.382729392266754
-42.70695803751529
-0.1831962482872963
63.65563285390462
-12.87537356407742
-29.77759496410993
45.38438128926453
-45.55297275129463
95.38961816111191
76.28636342298557
-63.18208294796494
-48.08140999116301
-47.79491687820775
-10.39965813169332
-91.35683293380455
-82.05505296484674
0.7236851112725706
24.43284143797427
12.53044203075242
-50.4678107567463
26.67852011145991
-76.12828172927586
96.36189270606154
-30.56550405665511
56.73698934982507
-97.58724059113617
-53.55834126197973
30.32721617175856
57.60746077749075
-88.37905554247745
90.82609374080603
88.30797852329242
98.72916180192341
30.65071702908875
57.17209026054474
84.35556675625051
-9.834612734517885
1.50047529477201
-30.92165698891552
-58.94843141393902
-90.95613203877051
65.94622602402362
-91.18024131000986
-56.96413868547253
10.82511461352706
-46.6896850114282
-67.66139905933602
59.82833577913262
60.59365819094394
-27.56437769610863
-66.33952614643924
31.93249051891592
-76.30386371299245
-54.38677079860513
5.218785422074543
-12.60971678977766
46.16267853367618
37.37713854353893
38.75124026242507
-29.0473838913643
8.093444503481813
-29.84920261173659
17.66830366025483
2.976833029852165
-58.02302265400614
-8.795362989915963
30.13726932398233
77.33720809721575
-46.28344195937113
90.24290091219318
17.31130992287982
-23.97151963636727
-52.93236644541157
-27.42357305147506
99.13429861823049
38.87071566541952
6.545821791771127
73.71890495612888
0.6709803177742123
-27.80173764761367
19.87333853491055
-46.92648797806253
38.12434000942186
59.15903967158347
32.29066496320289
-97.474569196928
-6.156263574032336
-8.622568784987392
-94.75590877070979
54.64262739783457
90.79030466377681
62.30566991751812
58.63265861906017
75.34656464315414
-74.32426064989347
77.66055624751399
51.1853342631394
-37.11463826145303
3.006018643397689
0.1740821746628434
16.30181741892939
17.71030511011546
46.9469765340361
-3.011941129163451
-40.75617912460613
18.87463061561824
-25.8668716858032
79.30553127913855
32.58577156050323
-82.7971919908088
20.48232606052402
37.19918181316763
90.79521021454133
40.19900882849601
18.00767061646247
-43.37031352432177
-3.969508409731161
52.54513740800949
15.80357018255992
-47.57441161137487
-46.52473032990542
-22.23363279235138
-54.59769270017015
3.016224748384221
-49.23958210036618
-73.30654043360018
29.33885117808114
-78.95153862953458
-93.30034034306081
-12.92986872854303
-63.26133298107616
-27.90416625262254
99.24505258852399
-89.67401062549708
-64.03799774169225
-22.70301653626138
50.50345510345259
71.54564649057143
-78.57227197205938
-47.03990631627655
7.748538139732067
53.15345402684081
-76.82055596338188
21.16417403207542
-17.39015118220567
-8.096855160827912
55.1952897214234
-39.15728514411035
-60.20794179399586
-2.077933570155096
4.848233312291372
43.84831537375612
85.59961670867992
-16.28508439429034
-45.99880479222037
-26.29214093138901
-60.87072840483546
-97.9752189215957
49.08076148253306
46.19849849542876
71.42187890228386
73.06217037898287
74.54763983401371
-21.87654608854094
21.3600632803251
-18.35561579200092
17.29859124535403
57.6531208366483
-11.13344481317543
2.03366875902524
79.32542045464626
-98.19631972350858
-15.9538801040478
77.7716147250253
-17.12552083450262
-43.636140632333
94.54328763375615
19.58334485530499
91.38652554913583
-86.83430641515719
16.53306204964051
-62.61411542136863
43.30810493481974
9.225662090852829
-41.09340404604076
52.56324823378027
76.84742425399496
-4.475521018293051
-28.331803053069
53.69731709857353
23.08848139157275
72.14197009984576
66.60884306788904
-26.79660971319264
44.7532706327992
68.78174303350832
8.087663819638466
28.09616346502489
-33.8936989057047
-9.526335774408095
-46.42227698437262
-90.38655729569217
-76.50808505847007
-21.76609869252921
-74.62606662965582
-92.52171055607971
94.29591947180023
23.60682267575903
-30.66538973557321
-4.440937765406516
-83.53289009621371
39.58501151865686
15.37823321183964
-6.647827270822558
6.987437990473516
-63.02756480119376
5.361676992042887
54.21479834398762
6.65928492359803
11.07570811952537
43.14195968257749
19.06232731393477
-57.44628151309777
61.24366668428183
49.60922143618397
20.31643500345401
0.7123394679159484
23.44766044507845
61.91311284690092
-40.75186913584282
40.96978886138826
7.818154131985191
95.06063719561915
48.29777982100813
-38.82531602106638
17.86073778040544
-6.429819634101092
-11.67957056783906
86.62893871689553
-94.42236258222691
20.33150743767803
-15.1127354085339
-29.75057564276168
60.78444863589909
33.54948839002405
24.90733554881283
-11.88098550218233
23.63395991810934
24.92020575860022
80.99861116177574
-37.25560153445566
9.081045828676439
3.061571185237439
57.05692409868595
-72.25706742255863
17.65062097055971
96.0886266575494
14.46784663020765
-20.45614081398436
61.76359070306587
16.48762757144644
30.63852275854799
3.810736849244948
17.23644499991062
-17.23898982294621
-64.17111111938092
2.844641393186806
82.65537747718004
-48.40296738340708
-64.86704991735307
3.437170033834241
96.37913528623275
-67.41399243906093
54.51537356671513
-32.19608958304522
-8.119838758491001
-50.08114466015551
-13.83930582083783
-83.66418020565844
1.060379601851884
-99.97802075490057
-52.27698346700108
-94.38858361287559
-98.69271223928304
24.78020497148081
-12.67373311264641
-81.3429016161011
37.72674608865005
-76.60357175039157
69.07179881587109
-51.27133014994372
59.2441515657098
-47.11115557973673
-71.37585941180431
14.14265370870091
43.54944423301054
36.1183112481767
-29.96709296315776
-42.22650825180899
2.787104937524548
-85.31304511616909
-61.44538050808477
79.59667161947503
-35.0788304431083
36.26854392348193
-55.31070333561705
29.26153957360982
-29.22082161296468
-30.41848871678157
-40.85715623044253
-59.92696081011452
6.999061433351669
67.93962879910376
92.99910039976217
97.59948814344723
57.96350177506533
-0.4430687319560419
-92.13178007163282
-40.67954618481782
3.217103517452788
-6.358628690706508
28.00647302054019
-0.6428172452599363
84.35362122435197
82.18362603464988
72.7349748978106
-28.41083132462686
-79.23935546688701
-93.41656339803511
64.54100032555252
-82.75444602891578
-23.11791610999115
-76.32630432807082
14.5412512730603
-52.59213671147336
40.19873949569507
-11.98979761619275
74.84965927434946
29.1989173301535
-85.17525196646129
-14.51192439704698
78.96702973999929
6.009700581500002
-3.824266433453991
44.78594762060476
-12.28343599094041
-78.68520587774638
-25.090709535986
-42.49525737647631
-36.19401858466851
-82.99398509160086
69.7311442112828
68.13216920144076
16.45001833513944
-51.00214685151327
61.64320446379683
56.2976216355477
22.49816373626397
4.460009353454685
75.19136832936006
-82.02860155826009
-35.56938873366727
55.3135355198778
-13.4007150310966
-49.81953384163221
32.9026747288391
-69.23609071649111
29.97755111989038
25.85581834021338
74.37538319531092
27.75148103068685
-46.18008628189283
87.29100080516936
83.36537759297266
-44.82892748112797
-23.83676212653931
-21.05528439982631
46.37165694436955
29.51637917386356
-46.79492726484738
-68.99405893404405
-1.927338924302709
32.31146247340185
-35.72836930999571
-13.5843729352973
48.77495107689761
85.79981242992943
27.16588102829541
-73.3107894199496
-53.08617408123192
-49.45464963278552
-35.09033523489418
50.62649183824017
-95.86599866038033
30.29076998282124
-66.21725908583609
12.90273457096341
59.62463258545516
-0.2617570248694752
38.85465200052293
-56.76589410100805
-2.348007401042915
-28.90457212806505
-38.08962019698713
34.55964161573601
-65.76059621666516
85.65758058229999
18.9231666186868
-33.24252858522929
-49.21451553849047
35.55018514108137
52.06828242118439
-77.03603733661882
17.57038022874542
-8.289235433282856
2.695771888613546
-2.404718656117997
-33.14345457813913
-21.88271959904991
-40.17921542531526
35.79823118754584
5.587901093907929
-82.12766322825263
-81.06067581550541
-92.59367506981981
-53.61936994290388
-92.51886971779962
64.87121657057457
-0.1917975567606849
-39.04991365192653
-4.982873110258248
-70.25951914446638
21.16585156194781
29.10250577276005
83.44886936616129
23.59694173285123
41.39728466875763
82.21010534016303
-83.49432714583158
-63.83410618056733
-64.22669908152818
-10.68095165871076
-56.89200146193559
67.34414693124845
27.46194557871281
-21.04249268682257
78.74577979089523
48.38105528267781
88.09094017760036
68.2625888880526
26.70305035479258
32.00112464751235
50.82938482385746
-90.46890481408025
32.19432654451825
-74.17261241134922
54.82206165161531
-83.19182883063333
36.57251501168685
33.53827197516273
15.1188090435695
-27.56864760696422
-58.54735362266889
-61.79030768823443
-9.948866076154959
95.83156755378378
-91.35255175364311
-79.70710455113293
-90.41687077882393
14.79954863639516
37.20118071944074
-54.86094171481582
-40.05542994137837
46.69434458454413
48.09643916480751
-19.69481715069094
-35.15935067973037
66.26152739652107
-3.24548810259179
-58.95645924658734
5.771475828704975
4.871514840761375
47.7433690979758
48.69758333210097
0.4958531086806135
-82.19588312885641
44.83624651043508
-48.00631709804544
40.46281417827895
90.99311283880779
71.82437818755612
-21.358231723503
29.21256565422142
-11.71617228103192
-53.92761229613919
-49.27209085555601
84.44973492759668
45.29471729746106
-5.18624158773029
-3.331583649611077
19.01709146943828
-78.00613370132095
2.583346250887144
34.60241365927801
-36.24830943729187
29.68857925581109
-46.94091561255424
-67.40409028912819
19.6565085867383
82.45386584113729
40.16690183828939
-84.50905678013036
2.801389304975008
44.05858209975013
20.18091649254229
83.09768676700111
-56.9921123609066
-86.22159466489272
-78.90092917256956
-29.62842979928961
-23.13889481230594
50.03775122513217
-18.13489467859704
-68.15016152132981
54.62000261924003
-91.36966610452933
56.01467124216916
-73.78640819295597
-97.15411758180723
6.6304315091041
-40.62396107486542
5.759408258711262
44.76515604304885
-30.58198789470227
-30.3679189765057
-67.22456714888068
-27.30490531874421
-77.59446801123585
-46.68870393225258
-87.38387043514237
-88.03485178614021
-28.83170019377334
-8.556112573878782
85.5388795886966
51.55578802690106
-35.93749100794906
-25.10128843684597
30.42053850579791
82.63998934754795
