-49.83492296523225
31.85534992258843
54.7205414368285
-19.88942760380584
-28.12909619258119
-94.75234751722661
64.66389408354044
20.26059598709868
-69.91468169822514
-25.63287133901563
-98.37550899358669
46.02187064800141
53.4049435777595
91.82455442027468
34.36928501988159
46.60837896200577
35.33461096426451
-97.04801805183722
2.278461472728937
11.3780644660268
11.14886402856566
53.16192270036013
-47.60991572545747
-54.00038190163983
-99.70338004071834
-48.33536792218488
-48.54991448222533
6.116077051624829
17.3978884432868
-43.50120597790747
6.77864226289151
19.86742705859683
-17.31485351507975
-80.09708137552393
-15.04211896143887
-4.035840329889457
-5.930308469153426
-59.20155364941825
-22.79124560011532
37.04216342526016
-33.34787357815841
-78.69262390427045
61.77409287428299
-90.51332148688964
83.7390682843988
14.18924660930328
-80.06480809405753
32.79755733010464
-85.01159221686778
-46.02318729247158
21.89666073941835
-14.73321759243764
10.59013575001178
-44.60735471938573
85.73738427896025
-77.97099326127113
-54.75300367958196
82.25591796606592
11.56816679584818
27.72199756801339
62.11975534867675
56.94614121368894
-5.105622996985229
94.77596781726864
35.41515065272862
21.72694399701952
-86.71212136312792
96.06041445820721
-61.27353441919882
-65.26710385154026
69.36083058128271
-5.117485715536999
-87.25932472684954
13.93955690893014
-61.70213323813781
43.20314655131297
20.48392947375333
39.45220627835018
-27.52029287941076
-74.45163545724581
15.23734702716129
32.65510896465331
-48.99165928708211
73.89583424337471
-19.36783333840951
77.40866545294153
-49.80999165139293
64.54066428518973
-14.30053603302581
-32.23489262908566
78.2366931261308
-5.370252753280753
48.67552823185222
-36.72154322682026
47.0206316334723
-39.47777127462497
33.18375440113851
-11.49982967869653
16.74833006303924
72.69028686534168
88.08357210342778
21.97006492539799
-44.40428947399017
11.18106102973007
-35.00651048479289
91.06111561541438
-24.16296385210153
-88.61182136424956
46.01212922421396
32.15455763122364
-55.3690510674995
-87.04057427716263
-16.63681369911113
10.81134380875628
4.91110381055271
-82.76757805367181
16.61238849466724
47.97493902672756
-81.7415672407476
11.42292392826214
54.21528944049263
-71.45731760996563
-58.04814283650573
95.94085289562577
-87.28904022328484
-2.043149856936659
97.04996895293448
74.52027401140067
-71.24665232954013
17.10795176172171
83.21023724521807
94.81193959156491
-79.41512483300002
76.19025663808149
44.7053415515373
0.7262951275485708
-42.7587822983558
88.62222054659928
69.77498042862005
8.260221986432823
26.13531931362414
60.58853505950474
7.468917546252069
-87.83233029133696
9.517189737740827
-14.58918800823913
84.57573848879089
-80.53541057316333
18.1050087856619
45.37112473192736
34.58967260378886
37.96987706899819
54.31288972002785
-65.45360866071609
-85.52058812819439
88.16951463767208
37.53241662543815
-36.3234741809046
-47.28092202598818
-58.07488845819923
81.41814463530334
-2.323142043074944
-62.03029981634545
46.18341223243085
71.11203437293806
57.31962811118188
1.059743583192079
4.353470008485857
98.134131011501
-13.68810335134624
-2.339692500913808
-13.02525836674715
-27.56217384095195
-24.44952621997954
-66.56609499222303
12.72824074233367
22.90673641970039
77.75955057156372
15.74056495780678
-70.40846007074451
-0.9416606284547331
39.13933775172983
72.17766773895804
20.85673053327302
61.88462727104319
59.88212892751306
91.52653131897844
-66.81848070616573
-35.10991054435898
35.95408096785604
-59.55721561733096
-26.76690831064954
35.31467752778416
67.94386280494392
1.716224342050941
-39.4342129612036
-13.32258854950796
-30.3798147394327
51.7811000362945
64.12677271443837
-18.59021085969446
-34.07640578144762
-28.67886037598682
-96.90450149136146
-73.25300879926122
-36.55447637029521
10.86330252493955
-93.69404968842684
37.03605703320581
-29.98073602761397
-56.30753187451889
-31.72109094820109
45.25158484136232
-69.8332008768048
77.53005838671429
-58.88624704075445
-19.71244194850367
-92.8159995670546
20.36031755292893
-45.04759091915555
-87.60363762108226
-86.12584496081507
24.38447998559216
-56.81942574013098
77.24959702503736
78.81630070202573
15.58565837326655
98.54882681543948
14.56937215269151
65.07016321094066
34.92339343510638
-88.98972560385893
-64.12925819033786
90.97654228362018
-80.13235517765474
88.36526369235415
78.57916259050938
-19.5097171789095
-38.90676297237478
-14.90029125328348
-5.642993153636396
88.77302627633603
86.78273107281342
29.81344304938724
-48.02242563942826
-20.65949194562108
-51.19005169939109
-12.17430673629791
-40.56902255595071
-86.14739556104909
42.76868434926203
82.7155957959629
24.02754331120079
-25.93602650007148
19.41788735263178
-15.81690867642639
59.17314257102678
26.44471080104708
68.15558347950298
19.8479832444114
6.546098088656905
19.38156474488698
31.83977548787274
9.514874255143715
55.72089799792437
29.55834941100455
38.51559408127603
-55.05493776687068
-61.82031709584904
61.6069321290538
-33.55247045841053
20.0495655575696
58.07098438757892
-75.48179809177167
53.02933344882471
6.39117739252222
-99.67505858639606
42.65276973110942
-39.75088465056636
-96.54201225780116
28.15769146960782
10.45373249720645
-15.19769884699845
-72.02686004984974
84.34335617453449
-59.72976891660741
-4.986717602993402
42.04981217817323
-86.98313009989943
-49.97716584331467
-65.55827070032872
44.94555388560771
-61.45920226772878
7.421904164049383
8.624495065950279
-51.82798904718777
91.60752718756507
-50.13277339979341
82.0098668837819
26.03345516731823
40.20919787484324
70.18229363271202
53.48777474319839
-74.33083892978529
58.48053599554628
-52.04217436875516
-11.59368297305347
20.28427930446989
82.39492124104987
31.12122004851933
16.94809346223755
82.63658285438764
-53.50340636857646
-75.4919998401209
76.34612409084907
23.15133558097616
-72.89068785942344
0.9711873844133391
-0.163797346766588
-6.572784367306592
-72.88221005768635
-34.89863520333211
47.56595755504393
86.4187038999921
-31.13009097433091
20.97064655893149
98.04619694251959
-64.39498268187818
4.660237539253703
25.09087184174281
-47.42430773742898
-50.58237443857985
-18.99721641706994
-53.73673417954119
0.6857723629743525
-26.40712107893183
-34.7978069821368
-87.59789814143816
84.56598814816132
-34.83272695863077
-30.36960757210443
-84.22357864154291
-30.84137918168305
97.80512945377856
92.33682152779291
77.79655224288361
-0.6256882386931888
-53.55227819999011
69.33072061918581
-32.31200480336349
-57.66919487495606
97.9309460121893
8.530361221821307
24.36386154068416
-22.83963915819934
64.16966724389673
-87.56268262873402
-17.19159473946547
27.21645938315624
6.455989777916438
-14.55714839593026
-2.237374760134082
55.37098802940201
-72.53564882110143
-33.98965725278995
-3.505929279339091
8.171847803296352
-40.22028674898196
24.92836476514914
-40.98554567088367
-49.10462542042161
89.39275144294031
10.38041507794247
-31.64092942508974
-3.965544109636197
64.20686186618741
12.19425188502257
-87.85615275352886
12.56612958413126
-13.67115090963375
-5.778729409818929
-39.49716320092891
-51.41081868827404
-32.07714345072444
15.03533914481409
-77.05120910739836
90.65768308433533
85.92974111919214
-0.2326006634153262
3.774555208376441
28.6945652140182
-15.62384287306033
-13.73818380547999
43.83144097770924
68.40880177812714
90.45098100940983
-61.02895673205649
22.68129272828446
-0.8742820169696834
-36.00905333916767
49.00278615450745
-29.50962993117453
-96.93113185837132
-63.89458850728204
5.172852189498475
2.636324914286894
-10.65019969729745
70.49513452168482
-33.94804438740716
-97.3456113392137
-95.60072481554258
58.78600082259609
-92.60189520920305
-47.39285432956466
41.35984221313749
52.61869364825601
64.26211807408254
-7.850528205618952
-36.84969133200086
10.56070980978818
82.06116263042321
-8.320370839125577
-78.35124020353445
31.26379577664258
89.31798239394425
71.58410878631408
19.508740369428
43.84472193835005
-2.364764392868958
-50.22245054902933
-54.58991387586411
95.03439846508061
-17.66188151598504
-94.30872480818132
12.02190114768226
74.3888669537948
41.61493015712138
25.96230375141415
-95.44205887263047
40.49579592158191
-37.88571447314729
97.53430891487639
31.42519875675008
93.18714998508155
-7.509950750725904
4.070511303168995
-18.9575453153909
-24.18648708911543
-81.8027230684804
-50.91758320343288
79.95788271375855
-68.01601323829604
6.840817177506437
-91.95797688508496
-31.71059223453583
60.22167304825918
88.93819176094702
-9.810902646912064
-60.83461021178113
-96.3812450465561
7.226673037289186
9.884638170410012
22.15176671965985
51.48348339583161
22.03968891546431
-32.40445503950892
21.45660188260292
-36.72696459058023
-30.57124961061493
-68.36641897303078
51.13282193114467
-41.45230844580632
14.05031213833444
-32.03678230479846
-79.77250378991427
27.18179630098808
-97.35906846273544
62.87035394885307
-85.16207339242023
-59.24069172695129
86.51145231982258
88.59773308576762
-11.11326182630819
24.8544014938791
10.72570511168457
43.21867272790352
-91.80749931331957
43.52983679651157
53.88310861026665
45.03564473881323
-78.59276883022892
-20.41581309963296
52.80898541302827
24.62324216010173
-56.36008320458545
-78.29921672009431
-46.95968567698718
-43.47740158502631
11.68063439252629
28.38036087263027
-40.23038924090557
-4.885051008483712
-44.96110148066713
-27.39437807835438
96.43330523681183
1.826046391522423
4.053463938133569
39.97300957062627
-84.1298327083727
-10.20229223096021
-10.90226752298639
-27.36616929115588
-73.67711342473511
57.9773916957466
88.06974121796021
-84.46495629278434
-69.87148345904896
73.01962412937411
-38.47813247188739
-77.74206084943839
89.98689646877749
-28.82303623914808
94.83320151065161
-51.62889146140843
-60.40265546114507
22.07645116595765
-9.07542494388766
-16.96749971336653
19.40103267561747
14.60664411535473
-25.73377402557677
-63.81040826614273
-14.67045638034883
-82.28186407354166
62.60132095276906
-25.22358758326983
-20.45989350008037
30.06223799216241
-56.70043442855026
-21.12660074153729
-68.3377591370318
-38.57697666510538
81.21768423076695
-46.6005877948528
-58.2386239016982
-75.96194278136414
-92.10879505717183
33.9899276011615
94.64115864245638
54.46385889862516
-99.19362409508015
33.37878283993248
-59.31446072355062
-17.46663726490667
68.83620214389022
-27.27809639875868
-21.37214705835558
60.96501127174414
-5.597390332224554
35.01499774434032
3.963590516102159
88.22304805815055
-12.57365170959965
82.53149935907877
75.21607783898054
71.9289687837055
56.68428046247313
-96.45742990698275
2.368523828801959
4.867192653076831
-46.0811516619957
92.88237982539219
35.31790506190501
-61.65539539273242
-12.83793566050451
39.74403025823497
-70.0342125505565
-0.8841420419971682
16.05358315471822
-57.20522455682102
41.28643843858529
-36.29594727940811
25.93042833011865
82.36055123974589
22.22506289643133
63.87340657353943
-43.04257497003452
-32.01955367300235
12.61962723244794
70.65056888206104
40.02605288101906
-46.84271933152937
97.43408318001676
18.2008800888109
-47.06979290590781
4.132323497939066
-26.5337979747105
-40.68829522199932
72.56778560128089
59.3136262893451
71.67504874302305
73.61871638050677
17.15440808299468
81.51938565363184
-47.66376820796967
98.5600477227761
-59.55122837913179
32.80924022898078
59.75259049435378
-17.36962958440798
-72.25114099768561
6.432337279231709
-6.131458004339769
-77.2546108557285
17.57135576170751
-42.06187217514268
-65.16352460519205
35.90297493041291
44.99174204705497
69.03381568657385
36.44444747464242
-77.82079387566426
-6.906804786852814
-79.76736934267487
-57.37889166849137
60.36418480307773
-21.59598456828039
98.00475818150178
7.317739685958006
-58.5300799793368
-92.02753660207001
81.7525615423389
-32.44886143933102
-86.29702520231902
28.21027662071427
-32.26604563714292
30.18724828116789
-17.48144914019461
-51.64299692481189
73.39455368583839
65.02278637424216
57.57459778612903
-34.81662431080075
-59.38548128322261
34.82738921306103
-63.69260829094351
14.1879972557955
-68.11767357239354
23.0989455446354
73.52546140311684
-20.46138003913508
25.66421431915545
81.67019290603136
-8.447762266680735
-61.49731893426454
19.58077266727517
-84.69966274040094
-53.59418632388716
-93.7117920657973
52.99197272326814
84.50688022539478
-51.90336159777684
28.94303709752251
17.0139861920585
6.635481593497676
79.7570607867318
71.49763966685286
59.72218657683088
21.48764577798984
59.1111309003257
-8.231243079369467
-42.50272479573947
-64.79846780861466
-80.89235569655115
34.08548841173938
88.7944429235709
-43.78842612568692
-27.67740071008198
47.6008352790403
95.50263249385816
60.40287522621717
-54.6813281031712
-93.00003601721978
-70.46081951945841
94.67046922214428
-1.855545811171464
33.94333923845383
0.8895928060994353
-15.71202268832948
43.98526056203126
92.89945548191115
36.1277665057771
64.61442000032214
0.6839946962867924
91.15960007753773
48.67088246628366
50.88851611526526
32.56149082457721
61.62668513137134
3.424858607710032
92.49744492819084
90.11460097605152
3.11603655674302
-14.91787685351199
-8.609065230086079
72.21245996472034
25.26868595077298
-24.53418250791259
-71.99554056828882
27.3231654470485
-47.9821021588963
-39.92253234433296
54.9559961643456
-33.00207800998444
17.21926622783649
47.63786460935435
16.87911348527153
20.67123648638988
-47.89500495332529
79.02751648094298
40.14803525350391
78.1156576103252
-39.75538358198273
40.36048545466012
3.592902776998264
84.23579469081595
-52.8650527129622
88.6617623811123
59.50503610647362
99.52645094934833
-2.416027962430401
66.04929408859054
42.9823758901163
79.10692003935242
-83.83087317959935
-64.20687708757291
36.29655769777837
73.11950138039579
-83.18353174453851
55.02612394918454
49.08031901792995
30.82168580778573
-42.78079891588338
25.32666981782418
-59.62808123175252
60.90189516217368
-89.3327106371178
-51.82899038646624
73.68403568684265
-33.79357883402941
-79.4889207976327
83.60450556205792
-54.11055897544408
86.65568117970703
-69.5246891981357
-27.14768464100177
0.6463460928426311
73.22800181637791
-6.563149533752656
30.75079439141412
29.18744670609902
42.27719157992632
-65.50412731895261
75.60187859888461
22.0895790906396
-11.91647195096984
20.80586521321126
84.74364244528462
-93.66093784181589
98.55526228916101
7.597969809804914
83.81299253173292
17.22607909013593
-21.84277107961496
-25.19892237564662
-69.9032817397233
54.58200290606661
-35.99641221749554
-76.37355160416757
-13.09220361928035
-0.4918464171227698
65.57977742554068
-77.76525884412801
24.25244810622258
43.23469653752987
-71.72293730081212
21.64575356851673
11.33306079675223
78.84581432029503
45.80190664962436
97.88072875578695
0.4793962644670737
0.6120685551757111
30.09753329338102
-57.26321286618672
7.718054140194306
7.988549051471031
67.08960854272365
92.35553242834018
61.65690654222964
-65.95044837829063
-52.35438963219455
-14.33415762999098
-39.03259450411998
-89.95325191380483
-14.00994388664582
35.67252118735603
28.96470694183212
-54.73772669813517
-62.77742695888521
-45.60053276837478
-18.81903498846525
-1.097646809746105
66.23900405754824
24.50020963841853
49.21276298364657
-3.020632641500165
-13.8421212788187
4.018557753357542
-2.689261154411497
-56.82610181726007
-48.71801006163363
-34.38553320649951
-29.07031828233461
39.42269726547437
40.4026037610718
-78.51834446228881
59.11343125045639
-71.01771484861986
32.6381032180305
33.08442392863976
54.37170131522401
-73.93625582443896
61.63733159347021
6.681542418041587
19.70239437950074
91.74250530723268
77.82204589388286
-78.44478173960519
-40.96439514915839
-25.53615112877724
-68.78369901093461
-34.83448705318086
-4.510329780597873
91.14563895242063
-3.598709505381683
-33.20839379765982
-77.47265802178507
-33.1991156938937
-85.68895213044873
1.392586469445875
60.55763525767864
-1.95135092980442
84.67522179695808
-84.77223074752699
-23.75688461869466
53.91766089257614
-59.07556917460561
-73.98158826073951
20.60462822344972
36.34250695105495
-18.81748703359323
46.61351735770529
62.95884787199179
-85.41625392614505
-80.72569900641034
-10.65708752942963
-12.22503010925542
-26.51686474389883
60.92818759918971
-11.31052857817845
50.10984410611891
-12.21624151313154
-43.93174060057758
19.74399438598168
-99.15626746544721
40.29811983828054
65.05523877437643
59.44186265799625
4.06431720475702
86.31629814873531
18.16768666210079
-72.01984339460454
-25.39631548945436
83.23479385119325
2.239933514540879
-85.78587921072041
49.13498186814333
-54.49343384823491
72.85604761320677
35.57182830449921
39.21481286463027
-92.48345455928127
-95.11093353073038
51.59351389078856
41.66402165191235
68.20044978568095
-83.9260995684236
43.99008160867405
-98.7923672501511
74.5156400502602
27.63560474257526
23.21304341093699
59.4621858150746
42.67670228306221
93.82278232128465
33.93089945290292
54.04968305350904
78.41747674606194
-66.10443750172404
35.10760699662629
-10.64104582137654
-1.44601763732512
17.79959913669661
-44.82096179584293
95.25667644909689
-62.14614904039523
-13.56426260941994
-32.47037691362787
24.4264733768853
74.42330559359939
-58.28201509832749
48.706967850852
-38.96256353412998
-9.868416818897696
-4.218582852225294
-5.569841012495574
-11.46341511810619
-34.61223825529347
24.53511276252292
-70.87787331704519
-96.60356703944039
38.40957182749685
-46.27727042615673
79.88821274454519
74.73110632603381
12.73281779015576
-34.71507998500224
-93.00418069990999
95.68908034531407
91.28479896026623
14.34302764440236
-76.16224052976672
-76.69611044485603
62.53408819580256
-80.2623989773235
-63.9520002588596
-15.59940151375188
56.27487912083022
-60.14110818679539
-95.17411012659723
-42.5701554556241
22.92833022485952
-24.32275693780129
12.80183743734782
-79.51000067324459
29.83203883089547
73.24775037348698
-17.69852962013755
-57.07074117203934
-23.09101027138133
-63.28755310422694
-23.9598868983039
14.79769948117353
33.30921986181995
96.24348998591233
-87.49274266725372
89.25740865165429
-55.2897863864732
-25.06119917861691
14.22634832336415
89.17355568942175
30.41035871933938
53.20691401882287
23.46661260255621
-11.39533377408231
-59.74182157223187
39.73253569952684
-79.15688711871476
-27.9953302474685
-12.42746652489902
-47.90582921858129
32.19464041142966
30.39148467651179
69.16524277480509
95.54842974298521
-18.11394772385719
-94.8897187052472
75.59727926525646
7.877313646526406
-15.99916247216081
-8.938849110324783
10.98969536493667
2.241490727030303
-16.3967977330141
-46.80060066794987
-27.81262181698852
-59.20046394858986
39.56166148745929
28.70802761567747
