4.571125095100153
-1.747858812327061
1.979038918766779
-0.5376165174051794
2.970050679721869
-2.925049241909209
1.897304214188402
1.661519421017142
0.02866950545786019
-1.783695347413772
0.1902925937298565
0.2047542889840929
0.7943187833124038
0.9994550614062241
-2.899995765342008
3.381231891122485
-1.167598271100279
-2.894798314767751
-1.922649475470059
-4.862347569402584
-0.8139246868005544
0.318818439951316
-3.602921605170108
-3.695904672406532
-3.468526988200124
2.411118403966168
-2.972576522855116
-1.900897616941408
-0.9213953815145275
-0.5159257484945567
-4.912030395691218
4.734821858829055
-2.990990017218417
-3.928927053936398
-0.06857599750063344
1.003090954795382
3.903747151251249
2.132041995230754
3.408983881204259
1.499382374795441
0.5711561565035207
-3.369452111320527
1.109395341239054
1.508114691862305
2.348829880526801
0.3982356106072694
-2.936457150272278
0.1447080530485618
1.771432358325456
2.697319005615098
-2.207040448895255
-3.370700225339752
4.209308211452819
-1.91438733236422
-2.531448670536832
2.185817596654442
-2.471175457259239
2.803058416264979
1.320255365359707
-0.3682770499142133
-0.3629969904596522
-4.689192360245337
-1.980850310946074
-1.342349638829078
2.97283537775468
-0.632872836787896
1.425931849599114
3.185878146439976
4.226852179214245
2.242751698745957
2.855547806309412
-3.893015583944812
-1.00582698361047
-2.612158948921736
-4.1612303885058
-4.203479243309844
0.2698268479314013
4.201069994619517
0.718561852123379
2.040968620877302
-1.599759509291226
1.343497303203091
-1.635719287830093
-1.806098016989237
-2.624031076008698
1.283602826837775
-2.167892626986491
-2.998747409513149
1.848375251912742
2.93029914297444
-0.7287935070193148
4.714942004977488
-4.822457550418412
-2.209540829278666
3.994256989413529
3.634080753895268
1.56801884168338
-4.630889697034243
1.081112379646679
-2.172518336550519
4.310425649248887
2.211463625419013
-2.884590920789945
0.8440667850986673
-1.702399723188508
-1.505517337753812
-1.614327563031264
2.55860772817253
4.710138653660504
-4.567387752064382
4.943599852070823
-0.8188407594991227
-3.260856160899786
-1.501142254984872
-4.117432742176281
-1.245454262233827
4.760657088073951
1.494746551883559
1.12743320074187
-4.961613245926763
-1.686832022877583
-3.842572220027134
-2.318112586060217
-1.291470948936957
-0.8707060749168981
1.742838236317587
-1.399028356440443
-3.288262969992197
3.370926661876517
-1.439085671016583
-4.014937126436799
-0.07512304132286204
-1.680827254205622
-1.243895503439073
-3.053361410608187
1.057754474370877
-3.526486308650147
-2.360879200499692
2.2287065150341
0.9261160263224297
-2.866419158405271
-0.0326737733346385
2.222821917264575
1.832765822197198
3.194855392976235
-3.786102735329658
1.042002690582562
0.830998689157484
1.174641058686758
-3.32054469866087
-1.761881939035488
3.630192083723061
-4.118355521191929
1.452235157172579
-0.8518350447949876
-3.549471686517299
-1.071325648869387
-3.017024474706913
-1.229737051997881
-4.416899507006455
-0.8265497233760681
0.4824797767340689
0.6006273536838941
-4.276990704359818
4.610791085317361
-3.093339835631291
0.1687593626803555
-2.253676610021104
2.433391584676389
1.013688241881807
0.2558918055012778
-1.071484330607484
0.903980136104731
1.322905668252019
-3.094686697725682
1.100114779686485
-0.7824187820558703
-0.4674622977667225
3.768392299332372
-0.9076575753896496
-1.147257578304407
2.598748169462763
-4.299404178479911
0.9768390253793326
4.489355600304617
2.67805621794211
4.132848352986398
3.931620486883745
-0.02323411912538145
3.500735377463134
3.7135543833292
-1.074657897462363
-3.30105279593558
1.444998449009102
1.35904419986999
0.5341661598996769
-3.711301153125007
1.91460525026538
-0.9422695818824316
2.677659331152304
1.293090934671734
1.715182749018406
-4.897021423004303
2.213362917620954
-3.833547831196964
1.873940551890132
-4.036377225081938
1.547675884179624
4.196629364018154
1.103022495440543
2.095097635333896
-0.3456775325600879
-1.495653254619242
4.936234180700149
2.72382262848811
1.595973942467038
3.854895912260474
-3.93670345790905
-0.3735458194158267
-0.2503347743353533
-0.6226995396040684
-2.375987235327871
-0.511571190142734
-0.168550084684178
-3.706854095251011
1.246272621501847
-0.1673601533127784
-2.809412686632043
-4.253815260578396
0.954323334974987
-2.404081700349586
-4.675361463433657
-2.770961160978414
1.240101947130262
0.8350456969852894
-4.88702466108784
-4.50526384521389
4.24736616006221
-2.758602051793181
-3.166027767555564
3.409051581320708
4.202759344906918
0.2149605902888991
-4.890190156186197
-4.617537687921356
-0.09253131013695809
4.777739466645879
4.175123542217414
-0.2380173391808723
2.013169592989001
0.5104672005777369
1.693668223128414
2.226806669849387
4.180648683946881
1.697629673848646
-3.539700033934335
4.613552470639722
1.863826494951453
3.163649702400016
-2.954069472660726
-1.097544243459968
-4.512029683722575
2.655681662540292
-0.3954221982908447
2.865486198966365
-0.7654276718939987
-2.021496870912459
3.924632880440581
-3.310385241394902
4.641779610905733
-2.8566564727596
2.855622449773799
4.246628617850746
1.7127097495292
4.1443055219956
-1.243230208310252
-0.9369863634978292
-4.186407674363388
-0.5165303960953007
4.639756176716994
1.721237435007686
-1.835035733013926
-1.773365126392833
-1.265564063831878
-3.556279051901071
-1.319980074705108
0.8610062396338382
3.016384588561915
-2.397341400857331
-1.57978942978201
0.1197784432739327
1.595030729254222
-0.07147161082478704
-1.509143793204358
-1.937414475682461
1.67415667149461
1.777712445422968
0.6647209398642239
0.4582152846719866
-2.117581882906218
1.764399499088905
1.501479833357445
4.092324533368411
1.524890228296919
2.268177583698805
-3.85626946769067
0.6102256730555357
3.315501023509561
-0.1570776340097911
-3.56478585163298
-2.053928727203087
2.238620161523403
-2.008760226514769
0.2114181537176597
-1.777500338636613
-1.95085049790965
2.416970636137911
2.487022074543531
0.4632744473256906
2.453542502524956
0.5097595040783029
4.297458200993312
0.5625049444933579
-3.873975877787244
-0.8302963383173644
3.252203806892175
0.5167869752103015
-3.548098432762018
3.304785215719499
-0.587822835595448
-1.064342865121683
0.8136321467990448
0.655611249792696
-4.487509303601461
-1.139253835792246
-1.685075444076165
1.472743093109871
-4.194661041764322
-2.800308877094233
-0.2989612811227524
-0.6699816749490279
-1.032831131641473
-2.751218488053729
1.445823439202616
-1.92583296476202
0.4297715646974397
-1.276708262204541
3.131605538372733
-0.3502013409433061
-4.578378599114831
0.8791993451906256
-2.739470759370433
-1.210924722097703
3.199894554176949
0.08513928120964159
3.341458677318641
-1.888576503392745
-2.290119314162878
-2.980496136896136
1.407044804242914
1.388450577105045
-3.959603984342456
1.884855921643256
2.938019187255127
-4.547813955255615
4.41149233432659
-0.5925937573761342
0.3582483479522509
4.865602586532641
4.147588426158218
4.169997176658298
-3.564992667206524
-2.063657083116663
-0.2933653557579901
-1.463291584127624
-1.242845436787704
-4.465695501398292
-4.414732509931286
-4.405503438619732
2.739276125983834
-3.179179064310427
2.199756303157871
2.736384709433732
-3.828272474634897
-1.834078570919695
-2.012308749957478
-0.5522497427833075
4.274682123525397
-1.493447629530539
2.503773497440833
3.127040018299224
-1.513227564099233
-3.970108893343073
-0.4215490020696983
1.387712279457212
-3.414420225541064
-1.122390671386784
-3.898847504794101
-1.614263717170639
-2.75053619628455
1.686443478561111
-2.913967861411301
4.543681334087533
0.3395655928996132
-0.2252362062524647
-3.644604903547784
-2.469701154123012
-2.764118559809399
-0.7761715216968862
-2.957004326059016
1.953721210692141
4.771747872803404
1.083961748217716
-3.636068866314911
2.171410100648673
-2.457553821155278
-2.483025443899131
1.818936728153553
-2.195306165093762
4.395806790393578
0.9780372030412849
2.266942817607724
-3.254548587125198
0.6786714820391162
3.127584528256502
0.197969180019181
-2.881152919216392
1.801139541512628
-2.397465056779605
-2.565770915602439
0.6387516925265007
3.424483953604715
4.734485602251389
0.6782804944837452
3.379402720985352
-4.410717954326392
3.77038798375163
-2.649834825030967
-2.328378707070451
1.960346754869442
-3.928296348600421
-3.812752440433052
-0.1014038742766692
3.849509205357893
3.681018877070217
2.734268958745877
2.17583936798929
-1.706250765364985
-1.62579850225781
4.618530559164288
-3.5395912435657
-3.317115598292264
1.165996157286841
1.641351154248536
3.348399316763018
-1.721542357085387
0.1555627784848547
1.908977493363083
0.1714086090270432
1.420853396316788
4.666422307491743
-2.427706557852875
-3.632694759903221
-3.10064409779012
0.9362236032604344
-0.1489702292658315
2.143413293533895
0.7556883724721539
1.932140123957833
3.444090642912849
-0.4902771404045925
-2.278446319994416
-2.845398190871669
2.707939655897246
-0.1548689742872261
-3.246614825970471
-1.706283647740134
-3.149671789589357
4.396408305345832
4.591214204490092
1.118265326036753
-1.359047263915271
-2.679155783897872
-0.3043849869651206
-2.841799168711237
-1.0390660358418
-4.98466527999782
2.336733548987548
4.480282330580908
1.418916661456872
1.327874675546748
-4.029334302427976
-0.001851427364092642
-3.18510525412226
-2.396780562380664
1.431972168640004
1.482381123763983
3.895292066946983
-0.6772783818927626
3.246713188636059
-4.449040695568154
0.9763345002180535
-3.360501951015553
-4.559439629656719
4.328446177012775
1.239616390542588
-2.723126048766656
-1.083445803155373
4.629019712644037
-1.49944391066622
-3.062151728134058
-0.1548181534217418
2.328760888079419
-1.78757473385285
-2.071159195332397
-0.5735989311225649
-0.6009861555541216
-3.192561169001493
-2.454839547770289
-0.1587810737918323
-2.530254598096144
-3.168756833189743
-3.669870994530063
-4.107801535489451
0.3971359897021089
-4.729260687408322
0.3124519484459042
0.9700034829063229
1.196823473540523
0.2323453217677609
-1.196296357431828
0.1151563131524928
1.676507030013159
0.9159415828170168
2.284598465980095
2.748283927048873
1.029504360877767
1.641513579812252
-2.481051371345236
-0.6851681799123157
-0.1098225670711982
-1.57147798592719
2.974112813319831
-1.109665694241853
-0.8030840521874258
-4.830674492974704
0.4524710027953408
0.6917592728559153
2.341125448230201
-1.813089281526835
2.222424607060669
-2.442487739878636
-1.624257954823058
-1.009592557413733
1.569700415961755
-0.2228056485846543
-0.7001121686881706
-3.338073551720599
4.150907796776019
-0.1391870018628935
-1.482905083228567
4.853915238795993
4.89101893399262
-0.4196675424929459
-1.965659227251068
-2.452955763065678
0.1795347452265238
2.234266287421351
-1.960127474416556
-4.083726354490233
-2.681391208043907
-4.018010926991996
2.510881531827169
2.094486158250668
4.785065454704064
1.510130054420247
-0.491549171583878
4.363423366417357
-1.600714361028827
-0.5660071158684566
2.799541953869995
0.5265493123221988
-0.9897122998587732
-4.489284239669916
1.671851785731922
-1.00179599270988
0.4389017350069969
2.919631325222779
-0.9496379532936062
-1.48094729675532
-0.3367747463044541
-1.583372619827719
-3.988463846591647
4.292677344403532
-3.885073128886571
3.128594486384282
-3.161793306209834
0.9827188253312278
3.296024286409088
2.973934964983339
-4.033253063934977
4.008132468295537
-2.454593619041318
3.596461098843937
-2.248747606370385
4.19560571462152
-4.789956439119445
-2.429301027565615
-2.121091422198488
0.8159370244252141
0.7532964023716606
1.776796731949639
1.828674010299047
3.150373931768441
3.902277814636935
-2.179062230854142
-4.886298441397535
2.627608783149051
4.612437829759959
-3.676444753490785
-0.622838957912591
-1.398188574005428
4.103028365238981
-1.452898754542685
0.6664853094911043
-0.1475906350079063
0.146385015697887
2.956977878678389
2.283482971780285
-0.7448994252852369
-1.624820569089346
0.005184115347176139
3.632054656875885
-1.845425783087073
2.414747317709249
-2.108021641228075
-1.825822039891709
3.166833901998256
0.2985502836485877
-0.6121827459939482
4.919392370417803
-0.5219930671329558
0.8529595240012601
-1.045146198768685
-1.173180312414135
-2.779204012088998
-3.471206474696852
-3.296105680016214
2.232485574734878
-2.253344577754655
-0.6304928475022371
-3.342375154302175
3.359999926831283
0.6353893391089244
-1.327204847484134
-4.473320633944859
3.177950625675223
3.392540690780561
3.710893473002209
-0.7682290007943162
-2.852507287699935
1.306726357106325
-1.639190805493676
1.493817551569597
-1.664434136919915
3.041125255837154
-0.7168657993972638
-4.499737239755226
1.329276598719877
1.961176973389231
0.5901066713534051
-2.065211503926993
-1.048648173962701
-4.297641845630232
0.9411661658362737
4.808369627170969
-3.83952774227251
-4.718487743635563
-2.070344173086355
1.423717097849913
-3.269871257837924
-2.686770374448848
-2.77799398471916
-1.762409091681406
-0.8511968175621659
-4.879196801924782
1.92537112502541
3.692485360524715
-1.75144293556093
3.470236984770234
-2.797857245961844
1.236958840333587
-2.02651690061648
-4.375333716272874
1.332316665822296
-3.122494219730047
-0.7045623098332172
-1.864903375466458
0.428444003615284
2.346731040807373
-1.217537586229165
-1.43519755504722
0.9617504380055896
0.6242183792559137
-1.908293216554592
3.970225893229995
0.1832243961691923
-0.804378425096568
1.52864674220726
-0.4026679796236692
0.6736811947251414
-4.408776436631635
-1.864821539806291
2.072088893674141
0.01038059138927874
0.8585429127166697
-4.502250266349098
0.009324414948702762
-0.4971150093504079
3.126052135568653
0.4931091455802278
2.375527560860932
-2.841539013140457
-0.785631904550375
-3.893789511114693
1.810579247357169
-0.3665330572065923
2.989491416788509
2.243612065093198
3.470244317515649
-1.646220459773838
-0.01349338630679299
-4.769962220963531
-2.512807765054793
0.1360565114349706
3.274281259336851
-2.63370942224741
4.611467361089783
-4.482681030050855
2.308127136217879
2.954612250736668
-3.4507451120637
-4.533881332803073
3.461383334612758
-2.58777458689363
1.696456185033587
1.514955506202333
2.811135549898347
1.520863304264669
3.013190947171322
0.4303215980271394
-1.221232256329892
2.855511081890506
1.930104075374245
4.253172646006539
2.527951644718968
-0.1903300241635178
0.08653921580559498
2.433490097660672
4.401919167480181
-2.576167363975159
-1.776716742037336
1.148749651135933
-0.7236954283035733
3.227144536604113
0.9407414838372872
2.275704062320605
1.329223280697011
-0.9468733512701833
1.139092437266758
3.680822969060985
-1.620947016909521
-1.679490377853076
-3.181300366775158
0.8511633477021717
2.898570324228948
-0.9353142198385016
4.043996990427873
1.08075482931766
-4.678166415812945
3.523377591390728
-4.232129349270616
-3.724834832611956
2.898968219663714
-2.092374059334531
-0.9692899632692484
4.801308939610569
-0.9210357637127055
-0.3561781421222129
1.724668271809007
-2.4928332303381
1.690730126782515
2.97054999152933
1.105627381600137
0.3440665010126436
-0.9984568103604148
-1.965531348149619
-0.5911301055529532
0.3889954214805529
2.505451514176681
0.7994964350750745
0.4115808084196997
-0.1538908685466988
-3.890357935382631
1.401868743281665
3.660784985535264
4.507570419697977
-2.970591095575216
1.830368185861284
-4.200945833560476
-0.09600687261740799
-0.2681501050818973
2.784717701254055
0.4466900636168641
-0.3739274011853673
-2.64415304160339
1.502798009776463
-0.9972251067116512
2.107550725407529
4.294344718396035
-1.569286249365803
-3.286258391957663
-4.842617806412782
-0.6922852503486203
2.140206033971006
2.28383395523906
-1.591447758652226
4.269112246772916
4.8230694838738
2.07679736566582
3.065771915207363
4.594359533639651
0.8973517505199297
2.616101628946168
-0.8564451292705937
0.3758886462312911
3.418444719775506
-2.128292397769498
0.9541904738692454
-1.334121497592974
4.736363635750819
-1.287381971148281
-3.612894957883973
1.458171530601245
-3.0967723220557
-2.349058085991925
1.996465873316853
-2.69321102837058
2.492483249792575
1.467625487219629
0.1223988841829711
-2.770157134205079
-4.832430447635414
3.10925683816102
1.772342727259551
-2.880909872313357
0.9969783244994916
-3.424241614097665
-1.322551690108766
1.238375720336926
2.898630657127485
-2.170900805913729
1.419354790520154
0.5428865034006587
-1.402578678322582
1.479344647178067
-2.533397320241805
0.4846438123766381
4.355954961387342
4.802463163579851
-0.5143332522626639
0.252066805116979
0.1638863428690086
-4.171706750929505
1.190997763337285
-1.751770236769026
-3.881009276292141
2.102028714234437
0.04667668520872925
4.346271361649539
1.627814185569077
-2.073866275845143
-2.681834021013327
-0.5873434071864363
-4.075044385901671
3.154796670612508
3.321623015215651
-3.367528751092232
-1.899925771809172
3.271205773563172
-0.6894465038484947
4.530120063008017
1.762062177945372
1.420131729538957
1.830647818576428
-1.007564005476288
-3.216061408330843
0.9879475770732946
-3.725853198703355
1.200406949590483
1.080702902385623
-3.182881387641829
-0.8371506152657572
1.948804368548346
-1.673392162144701
2.139530344178312
4.033324366371205
1.568632115698958
-1.267006507238546
1.039196557534393
0.826526586699704
3.019026597285552
1.357525368460575
2.558756890081974
-0.6937745504535741
0.5036056773515389
-2.046398923081304
-3.928300341670201
-4.437661518196572
-1.447839822770433
-0.9383427006897396
0.2905125901156678
-1.175922638697763
2.546937201240848
-1.151142808223923
0.4701392904799018
0.5624023107245519
-3.307817051406566
0.30524357299668
3.81974505499158
1.471378904599883
-1.576636434806441
-2.10843341323053
4.817884821604798
2.911747281102452
4.410721564452605
0.1791817972247825
2.246938006525225
4.092142082873526
2.670139737022221
-0.8847276259512944
0.1538966528352846
-1.800632348709153
-2.149754117775403
-2.406239021765991
-2.18359550125522
2.15176228536609
2.79086944010909
-4.068792862151797
1.283688568614055
-2.559641850607395
4.130115733479794
-2.229499987000402
1.068854092819049
2.701142922344894
1.846720933690938
0.870463845480859
0.04184174566537328
-2.522588287156327
-0.833619595730105
-2.86951986773531
-0.8855168367405535
2.723768342876992
4.655966424325446
4.000606488696014
-1.02376489971351
4.996578436027363
-0.255355874009896
-0.864946733682173
-3.521460175775966
3.01422711864979
3.728558311769512
-4.969971675064123
2.676649577752952
-2.966963982200492
3.434230836700198
-2.316453364253051
-0.7018733987845804
-1.077326379274171
3.847921505158168
-1.662336800830699
-1.533776278310449
-3.904103959866037
2.99982706125746
-0.7154403499372876
3.300103224110026
-3.377024269044473
-3.021685907458416
-0.7763711610649932
-2.620259336498025
1.307281512240221
-3.853756065548381
-2.878484427114874
3.127187605632369
-2.89240801829445
-0.6353365833536859
-1.877182499313049
-2.596400141953925
-3.08291320592911
3.484957330926413
