0.7788380044335028
20.18607943588044
9.456475484998958
-11.99315089485984
-18.8874767951513
-20.23274988819533
-10.44584975601428
-29.75775250293213
16.04972047565329
2.205046196564049
4.515126184726933
-9.332634172002294
-5.601993162475282
10.33247811166211
29.08280149617714
13.30802468633236
-24.16657064412455
0.8194340239825032
1.746617109331304
20.28163827362423
15.03084608330918
-13.17231259910398
-21.24805117349784
9.919326692036767
26.4484745082864
-27.43603826156058
-2.880332202383335
-27.19490775890072
-27.85556560392312
-20.23763494012157
-4.923533992544895
-22.77043542738126
-2.967160750981439
-27.63704873638992
26.4256054419437
-19.05897679227597
6.672821268065888
-8.670656181310447
-2.957783229404435
1.496034165096443
12.8384266597482
17.8063455547134
5.353451846506462
26.0350719364712
-21.85900933452923
-30.2254912215414
-20.76065637678935
-22.00766457121828
16.02762566627199
3.604579456069567
27.4320429472391
23.36138630946741
-30.68838157997877
8.331774949545281
6.371633433169748
-9.886604176396892
-18.71272092600585
-21.10982647330886
-12.79220080388465
26.804950007025
-1.025182378329237
21.77821679342053
25.27929205003714
10.86839706945971
14.91463056912763
-0.04413940022793789
-21.27322828522712
-28.26947323592582
-8.405955142656811
-19.56091231803486
6.451133496840341
-17.92535813020103
19.11204952914559
26.77479141509596
10.74629799629719
22.97281645689537
-14.01773355175166
10.77622665032294
-6.949869394041983
12.84627260278485
5.292869432927845
6.898905591461342
-12.5498919726901
-26.12063297777978
11.9466317144304
-20.11313947988754
-30.60728768711537
-27.64337630071093
-8.727581007497509
15.82020932690904
-23.63357934003389
-12.14876241317041
-22.47972897742913
17.75041453316765
19.16538756846363
-6.658005949107341
-11.70814493672077
-3.649093467481109
1.082671091817698
-28.59095489553237
-18.6835426029917
-8.114555899488284
2.17941733343614
-6.282413250900127
19.66756506129483
18.35492437267886
21.94958479863606
22.168567409818
-11.78937387888982
15.54738671911926
27.00052618045639
5.342217407618058
9.315627113223904
-18.67324193644995
17.78489872268034
31.13235373356512
8.118055333388513
-19.75114087797972
12.42447103487503
2.167183897681888
-26.76574290002435
-4.896692996827239
19.06729346871029
5.448985643430988
-6.571027806861199
-3.076138217866819
30.80757366629366
29.8030983850016
-29.5894805202958
30.24754433167031
-11.27457347797126
5.38156772800512
-5.567640825759272
-2.739095246708179
-22.20386122191344
-12.56990843982427
-23.61514655189468
-31.05220514402921
4.262439492572549
28.42391599031189
17.81157748078621
16.484287744796
-1.944916023413737
29.73260081357634
17.66954160999495
-1.139648266485808
-9.82031868415039
9.295484037442419
2.206684796332618
6.824961423266714
4.806404274444835
-19.00984991223614
-28.42544421392286
20.04071241858409
-0.7670851337940408
16.07350611487363
-27.76037235687793
-13.01907567215369
15.79439460333419
11.61604436006767
8.645543398679067
31.99518126719577
-29.41522243236632
-11.52421844068255
-20.37821919067187
12.56717213676623
-31.67288526698378
10.23226696204686
-2.433485474521327
28.7788990972919
-20.02139443670125
-4.027204863879246
8.013489611093192
2.218323906077395
-9.111171622240391
-15.90379814756043
-30.91302494148622
16.84132781366895
-20.29923610272633
6.513212857116149
4.027649463415912
-13.94838176167082
-1.563693579785549
30.85049902182344
-25.26379671826522
28.52002232657443
-16.5497129828459
-15.1961798963207
23.10204956099096
18.06689124014769
-25.10128034764956
1.593209617127339
-26.61533962288339
6.616767610003051
-1.653385048817596
28.25044968342528
-24.30863834080795
6.603895648419489
4.230996509403756
28.8390091972248
-0.2051930921606677
1.57039496304584
-2.7234652058947
7.115042032414006
5.276851450385784
8.013548354856981
16.52808916089123
10.94373407196783
-13.02991572066026
-19.81810765930227
13.46736728507738
0.1998955071509704
10.16450827677249
7.801594347612762
10.40386459244963
-8.43919264663486
-13.56919317338006
-28.15575292786475
-20.10053201995937
-11.05857378026883
9.740414614119763
-6.085086484247697
10.2045515166483
-30.17137196177989
-17.99226106607004
-29.23174495824954
22.2691195707821
22.28174681014294
5.431772870188653
-25.43334333674571
-1.873500316486148
5.403478489507785
-28.68062457587129
-27.71204309387821
21.02783442390976
-4.53103046275446
30.70962153824274
0.4167503077219059
12.38798937774828
-18.16213440964792
-1.972734595888935
8.537920652127758
22.6696600117344
16.14667038153954
-29.15296288674113
-16.43214685299212
-20.60926603720833
5.493087015603465
20.43417605706194
29.95942696302149
7.507511207113786
22.46616725424383
-28.86087092332059
16.22414148619258
24.61688661005617
30.94828012004512
-12.66452977190858
29.93243678413149
3.374992504048033
-2.402497689473759
24.25389399466349
-26.83249014440987
5.822744905409139
-29.35126566492176
-12.43655436595327
28.47004904149539
-19.94312374283252
2.031370297418904
22.21639627838154
-3.662242596054724
-5.167316734181319
-4.925934603057727
-22.97972030739786
15.74948893382799
-31.23645818704369
10.46794230667233
22.12223121712896
25.39810683206754
-13.76088269769646
-17.39855436123468
13.06767171422143
-9.964196694287736
4.356098873901605
-12.71726691437919
-14.20255465233226
2.795818681957689
9.854914200330789
20.67730269385965
24.55469734891695
-5.20602988175242
1.553351069805264
-9.722215377076809
3.925540968485813
-11.7125242044266
28.4516577268132
25.90377502893105
-12.90497760223595
4.225996764033056
-30.99232513047715
22.90487617954501
18.77376545204132
-4.029970859409384
11.11744379133186
-10.54036807313885
-4.214750729271279
13.6699896885181
17.92587900663779
23.80099822836989
4.338616186679693
5.391912061085101
-15.55072868772564
-26.40417083736518
13.07407882986908
15.84327632375113
-26.45746847840012
14.82945630467774
8.369512141018276
-14.50395998025759
25.2318431511657
-10.60419838883342
-22.86929668081289
-11.51650665386492
-24.06228749869334
-7.313596000059698
10.4720715440868
20.99439454691961
22.17320204010056
2.65951197351435
-15.8458889632256
-22.86948579536752
22.91286642455854
-17.70560042004285
26.85150635044839
-21.27759456931583
18.38961305422567
24.6592631628031
-14.35937814516519
18.25330442262004
-31.35453689340808
15.15686170846615
-0.2747924985357665
4.400338787468026
-12.58582211888188
11.54653832750117
8.589722574196042
2.358180468880578
14.55753026203757
-27.64748104758627
24.95579721745089
7.689904434202239
-28.08688304223918
-31.48840387842789
18.4591205099643
-19.80797119485226
-18.30602294917845
29.57557326316877
17.23456878264809
-28.57726241668878
16.27089300400372
-14.07007221351414
8.535923694204396
-0.9917500506866247
25.31291908232467
9.183857890214961
-25.20411475567429
-24.00746033887928
-12.14070088812788
22.06628471322905
22.83823691570775
-1.988086964079947
3.543101732140326
2.504698325533437
14.34210231961653
-9.758671541877352
28.16701815665844
1.576390750594252
-11.60829056149253
13.84032380846206
-20.81129708420987
2.938696380342486
-16.92172384069087
12.94916477249226
12.67457772299297
12.66707559851791
-10.32156218672918
-16.03503095559429
-30.06426257574602
13.99757769374777
0.9109493974922139
22.89408526166107
12.12083113415038
-2.727219434952118
23.90877568531141
-1.632468304425343
-22.56118588031006
-12.77621420709849
26.69160583797067
-12.0560896669121
26.76674217861571
30.42992349188791
28.64510787929972
27.74443437619416
20.3064278905109
-5.223324435508175
-26.19694399676462
-29.95869758342477
12.64035890057241
-21.9355870929875
3.480288440210094
25.36248631853375
12.37691688151949
-8.681886613341669
-6.624576374330657
5.118035576426664
-22.40753247167928
8.334958199215027
-18.48382557796884
21.39820510951161
14.17576256935686
7.025420945987422
2.539370069655131
19.64797393603392
11.93088418678962
12.8313941063292
-16.63998201707019
-4.714469383822819
-25.84354666373837
-19.16819323910808
-3.812954820135622
-4.965865154551463
0.8627367814416927
9.969352096924835
23.50157047293115
2.653487172469575
10.58988547193344
11.57167457590186
11.09769001348126
12.8761511164107
-27.84501349985062
3.644315805352705
-12.9779621846956
5.714791874445111
1.304428466438159
-27.9491259712092
-31.93787278975147
-17.33806229110141
18.26170163534739
21.44298934887692
21.2873183352726
-0.694524866167346
18.61106059356877
18.39892374698914
-24.88733173367917
-15.08355438340318
14.12706284346191
22.25408477229187
5.262195973725619
19.97657114747289
-0.4348177707143169
-28.45435465283063
18.56407018795478
-14.39801719245017
0.9047312788780714
9.374434517197392
-10.67765631144378
-7.685373553009778
6.176382550683359
-1.25212519809882
-3.789627870303092
25.67486348873937
-9.641088813502238
25.30229219887754
-18.41457101123872
29.27539558686319
-11.91721943428649
-3.911164356296176
-9.917456334351733
-26.32333765107578
-13.29236184295547
-23.63414542551421
-9.422465625245005
-10.63767036123689
-21.09760783198758
-1.100768709049046
-24.32191709061068
8.860237690587288
12.15833900772698
-1.302776354173884
12.41834400774258
-5.369890493642756
22.70167660942871
-19.07288434452371
24.33150846576173
-26.108446378647
25.09604885073921
14.99281072542584
23.05491411919081
10.57257600907385
15.96237237427002
25.97217128603833
-13.07607299098793
-17.24735007852742
22.80047356286471
13.71020536435886
-26.84613516843018
-6.164868940891051
31.1127047068512
-25.55236019792594
-28.03014904867004
-21.93860284155851
-25.99843664461369
-27.81688301928617
-25.25025028978147
12.65818552827757
7.872811736888935
0.5169562238332592
-30.4527251383632
30.09155363161937
-1.692728763550845
8.616317514230664
-0.8582402415180146
12.18271064344603
-23.87813586513071
10.24249561426729
13.29490669158997
26.18324229782098
7.689208497564733
22.11556507002831
0.7776629271588272
2.549296835372853
-10.85517927346666
6.52459018387434
-13.29953879357035
-0.1607241062278371
26.97450929320646
-0.09753719407607372
-29.54630171963782
-10.90947859993004
-28.05005265076018
-29.71537886859631
6.539235102525217
27.66355748925065
-18.48774236109357
-14.61277853699767
10.84793536840828
6.483619323767519
26.97095591359888
-15.14138692113451
30.33316489420811
9.981504193717036
-18.59454187101846
24.08746885385411
8.789584145218724
-31.24557093377619
-0.4125602431495272
22.89484280438373
-9.714692460570193
4.69286252510777
-5.4826837876596
10.77039657928715
-20.18167202961119
1.422583872119914
-8.809347248219938
14.66818630567627
29.96437150676139
-1.259002610270282
11.68114964357113
-9.108725966117264
16.36792076656314
-1.766484202574447
-16.89704207395208
28.81996254169862
4.816812484784847
-7.202180471556028
-13.63481524716932
-21.41712357084378
-4.144959884293463
-8.216177220041779
-24.89226499642461
19.68087670657436
2.941592450002244
4.957231717771584
-1.554039812230426
-6.546678903823951
12.17844898055128
15.86979145585341
-24.82728870023285
7.694598404967865
5.538037564078586
9.714521134892452
15.25169732840957
-13.08180719850844
29.51514817890855
23.74318912420142
-9.425502074547865
-3.099536813070425
7.035243522598796
-18.18779911316463
-23.84518894949323
0.6940607086513766
-28.57166937581156
4.00359323388757
18.54816309443416
6.757831612272104
-4.850273208867887
-14.95866059054106
-30.20719396092427
-13.79209698587556
-15.40472175180988
-31.29018397121818
-17.51497751956746
21.09564947856898
0.0372433301254025
11.61285755874537
-14.19591487876299
20.20698739327523
22.61246240921624
30.45741639185263
23.96862892052028
12.99280769989019
-3.228211819161463
-8.776416119757204
-16.44744822107166
-5.358351822410484
-6.468731399048377
-21.55283138811655
-23.00685486807059
-9.783100831975853
-2.372466136813181
-0.9497436570901252
-19.34517433525809
-23.63075244149745
-2.359233021367023
27.14314900006394
26.81614935973472
30.90377210365576
13.76977276530608
16.51149033891275
-10.65502757900464
11.59488890773651
-12.31894712935241
8.797412952656426
20.97989666336008
-24.63817224275011
19.50884891555151
13.38157118785771
19.92577571224703
-20.21446013677286
-24.64583684192901
-24.40992439452823
30.73703044019673
31.83952229907026
-6.677000397342439
-15.48690310542505
5.496887140247222
30.64499463235616
-30.32717777691134
15.8384999138421
12.53810255552399
-28.57986918518969
-14.3772065364791
-19.7819205449176
29.93770516262576
-30.1354752757948
-10.37466304772298
-29.02094998368776
-27.12266031872201
-29.44968965301087
-20.37489285124016
4.040057533337681
7.76798909061209
-25.57143089893942
-31.21491067659819
-8.346887426683493
10.24707223175282
20.7938821703062
11.5533800338854
29.06098546059666
-9.19715690903225
-7.925066342858
-22.54354187810817
16.57736634177316
-7.846288340481064
-16.90170719745973
-20.84004785443827
22.59513037684454
6.43037598752894
-7.267148517068942
15.23462344682447
14.7148935380673
7.210579507493923
15.12803395244519
18.31025090572629
-26.56952089584937
-1.65059736673137
-0.03988742786723605
9.750624360387748
23.70754450684828
21.33902452469753
-17.86122775530714
-5.450892546758858
16.89621202817232
-24.4540358209265
-7.420589110443198
-19.5541032152788
3.558972702827216
31.1615023616508
23.41896177481591
-1.129913235760966
-17.09930971171261
-20.08157625526763
-22.00800597952099
0.8797376044843211
-28.25850466270388
27.89037365463728
24.72113648053171
-13.30445974347269
2.502269850873386
0.9016359854121725
-29.90927677659509
-8.256755975601894
6.140068947420814
-14.93487588545443
19.15650694543058
-24.98626256011531
-2.833934496188332
15.51531253570212
18.58876024374038
-26.84114904367418
0.617789419265817
-10.4566440985477
24.25047377939697
12.44070169347395
-12.68388033519105
10.19334716871238
1.368231546206759
-12.43018232597379
13.07762205251154
5.264413113487661
8.881122224882445
-17.05181972436522
19.6617473774075
10.62452202626095
-18.61112378257708
-9.908897655354886
-26.93013617798398
11.90177034828725
-12.40824313016829
-1.272579246047525
-16.76055271208361
7.019763527956042
-1.034591545317026
-15.81138412930618
-30.73875793508206
-0.6426242391405482
-0.9595355255878367
-17.30606058696245
-16.96219559960686
20.90339017678448
-7.371279011539225
-4.049469431566047
12.44783715419725
16.93302703175976
4.548045294499859
23.6619883383496
16.78929595185262
17.98855809865658
-23.23049287221749
-19.61025821236959
-30.31607378738943
-15.59907892152868
-28.05287051005804
-3.574766869581348
-24.37366299786585
-1.665013852804172
-6.245311846611345
28.15490690807968
-25.45185671784821
16.69211493473921
13.89780368289531
10.09057645049189
-24.0669134042744
23.54472081716654
-16.01271748587561
-17.71595396098822
-17.43577538187888
-9.195685544724348
14.08657230326765
-13.57706311778344
-24.04530208867416
-29.30086828686592
13.45825599665573
-13.48514051252338
-7.25292638014735
5.045500451484807
-8.426553234646372
-23.51255667379155
22.32067353714741
3.534678316556626
20.56320030280075
-4.551856222717466
7.324987668453841
-5.896686659068617
-0.397093626532896
12.90037777809686
18.88723931743104
7.508095792780717
-1.233063486725784
9.370065103693356
-13.22801295709652
11.92560121333298
-0.02999614208760208
8.276115402433781
11.324736351575
12.42886899681141
-1.424029539856379
27.90777076148143
-18.37252345535138
12.88461479622213
-21.01021318810168
11.2110357792644
6.812764962689867
14.8660088624758
3.835644019035317
24.13160876709256
10.00300412791144
0.7427296800081499
-23.86742612978517
20.90550223683779
-8.585872809037069
-12.74086016632847
-21.88383615449163
12.82906200847887
-18.59144242831166
-31.88672641359863
25.89369777358072
3.559876173431519
12.25165219015249
-2.657161667566344
16.99929537003557
-1.41464936085168
5.792413797175939
18.83236766616789
11.60949862836062
14.4938006622961
31.8310601293502
-2.990145244398368
0.5848487981679817
-6.064297902702892
4.898423299721675
-26.41378743378829
-17.21810485942712
-3.323152902317305
20.34070149070792
-22.26533660159938
-31.68886041441952
-16.18008008667307
-15.49600427599566
-10.50385190213477
-25.68741223151327
-16.52203188191973
6.331222061250891
17.96709590351424
5.098923215458933
-18.07504266679342
30.29375331046893
-6.041723928183906
-15.28525129726902
20.26171989101453
-13.08384129453234
18.24634683100696
23.32873952943713
2.156169369665846
12.23698028381392
13.05584131062604
15.30562572923338
8.406930006265744
21.16747691792906
-23.76183070505249
-10.36932806673955
-29.12347516831461
-6.370981953658125
-24.20313415708221
2.06889952585271
-15.21521483315518
2.783136397531356
-16.24931371428533
13.5377760604475
-7.476495238373656
-1.664092653626108
-3.091824218133734
16.97669498172507
13.30261930167392
18.67252009812323
8.832945294055515
-27.22294001700097
-7.07436252073988
6.317358954544114
-30.08976927638547
-0.8405889232406336
-9.345864279108078
18.7499640551389
-25.98233113980979
28.34840032881558
-18.98472805458545
-23.48834715524136
-13.03177196634952
-19.30083331195625
-14.79469458966472
-10.69399143897931
1.848303069884738
26.90866327677375
-15.72704634857915
30.57694635834758
13.40593439422504
7.641842349738949
27.81599511057205
8.643077562161967
0.4665191094924829
19.751662352822
-7.922232607565912
-13.58757962077978
10.78712811960059
18.52099386436216
-7.837992624466813
13.06562079820102
8.206158408943333
-12.12587563626506
-0.878265600765014
14.62265310422725
-18.93583664093015
17.42886956501121
-10.07446814265552
14.62420407931113
-27.34679749416146
-8.118715181222296
-30.67937306527854
-11.09449872995107
19.06369634820146
-24.38289586785663
-17.28592894550054
13.15502513355324
-3.048515867868729
-26.82820252528713
7.05062255560821
27.06033261693889
-8.749910870352188
-10.66424202466862
18.56329549986632
15.42172972476517
3.455341336745501
10.7541803117158
9.66519805945887
-18.71120835238501
-0.5611037674462424
15.72018989261205
-23.62232941836299
13.61144084496603
-1.424163739006072
-12.47342759113483
18.9419449849833
-22.21896384757966
-14.81508912299657
-0.5811189717790206
0.6837437809815049
31.14530205662325
-31.27087455559227
-18.72144478372449
-17.61434304370692
-1.97454115508231
-4.784246063164828
7.056024360110744
5.042903383812838
-3.924125441218832
-6.254543512342831
30.34038705864562
-30.9569483981699
-11.32675546406719
-15.1901811879568
-15.99539276058434
-12.78543416994388
2.998300621237889
-29.15994775163736
22.14143565962799
10.99914589074041
9.982764965365313
-17.1723574712545
-8.15724710233652
-1.502889853913901
16.36795925180591
8.721008397012557
5.745387078825698
-13.04476165978101
-10.25207079462878
-15.69830997340398
-3.919161934101178
0.02546585873739183
19.30291956421678
-1.220144733403025
-10.0321503885969
