56.81532864067736
77.64159512310398
-63.62359675998448
-14.98319630112499
90.53410411122084
28.01130329835478
-88.07846285054119
36.56865852958985
25.59468010535184
64.69198864020615
-15.07508963569628
-53.24462746363869
36.45033511278259
-29.38342951041324
87.57445227250352
-58.56960769936076
-83.09495610129528
-47.22788823011233
-30.6033857140085
55.890027230998
56.47874976615591
-6.95239482038513
-6.256327882444368
22.49387963634033
-12.11906845331348
26.75159693175375
-90.87822901302266
-78.49171589623526
-37.25620895414365
34.64329250819909
-34.28170606889837
93.00838539191383
-49.73928493219448
68.21649798405011
-91.70464170711939
-40.469037161928
0.2951544068315606
-0.2049460743804548
11.3650554034289
23.76582697990072
79.0223617504366
14.1952128192115
8.096574084579546
21.48002711853343
57.04784607725335
-43.61820714890902
-55.57042735817302
67.29938416136252
83.29346713287811
62.41722492102078
11.67908702702466
-18.7574769763366
87.89324834977418
34.42781332489143
91.73577309329984
74.28001619434035
-17.96936647571571
19.47919374388267
-49.09391305461708
1.231795098287956
48.8513561447861
38.08564717036127
13.51079749760915
20.37152588100114
-73.66998541498708
-0.874887217934379
24.16988259971647
-60.68341363980676
-68.95401581851364
1.482444911291204
76.115871342565
92.67100184201142
-28.68394525827757
34.14211726869097
-74.54073969774292
-36.29545267502851
24.49914860152671
53.3610849578484
-26.16802419839493
36.32319350649305
33.2124363622848
30.11357266308633
61.43226601048026
-66.32601395626709
-11.85120110640509
-89.05373573159281
29.41242568473616
-22.29507214909789
39.82845686811782
-57.30630987950825
-6.406187429075853
13.94306752392506
58.16178860848775
7.224009455501973
-95.06588576794924
-24.9675456181562
-10.55543828357504
-18.93807581910287
12.57716087730065
33.1645043604533
-63.90591518438243
74.36092172153326
-54.70660033297786
28.07859433246721
38.86990745725413
51.90530093177011
93.7389946920139
-93.07396929444734
-40.22739064693246
-5.687351830726095
-90.81701555863232
-0.4674881184899716
61.62240345642348
-62.57969798568805
-89.08550289116882
74.52678422519818
7.61478592346108
-85.29620347212096
76.87674217450123
-17.41167843376052
88.56356343711001
-51.95831552984871
0.4916631325480109
9.217096112991252
-78.71087951741075
-17.11596317238261
-40.22254459753795
-25.48927125968864
49.82250931869341
-48.89644068662088
-85.01195316115898
-8.391078343246086
47.47595985586545
30.21270191197689
-55.6129321712556
-31.79781591854275
11.36683028447388
90.6268055910151
-39.66317035548711
26.77150855165192
67.26259784257876
-3.111925784854925
-45.01390655701877
-97.30154167581229
-80.11143610065425
70.06316987548723
-14.77091084573573
-76.59660773162781
-29.76735834385944
55.89067273038564
-69.2525193005347
83.45684545812895
54.63075444153399
-11.87205736636875
49.08255966172439
49.05647201714095
-99.16441420384447
24.19617217485783
-6.293441617650621
-13.18098888854135
2.456433810274316
37.46305061012336
-76.47103213470407
65.77791972469916
-11.29464217556799
73.47815440286877
-17.27394483397996
-40.83408682893059
55.11550665880684
35.95402795837812
83.09487221640516
64.41340671260075
-77.92661273514099
-65.45425720115679
40.24645487748193
-50.33972466559783
36.72442674768642
-81.40223326975759
33.62570317942183
-24.43116963891961
-55.69878821964286
-39.11506944863898
-55.72382729194409
-62.38516900273051
52.65311485788069
53.03804437078249
-24.74787379716649
94.38073792608267
7.319511756298996
-12.07262102169378
-14.78077150520073
52.54105230385746
-50.50455942001604
77.77639060102837
-27.08566343319252
-1.279886483222497
32.24993116639346
-88.53083377987643
-51.20279504351279
33.35274204396673
-41.64036975864934
65.30640792288627
35.91933028083628
35.42846127347175
-96.05419868965498
56.90701322373272
-21.29602247551755
-14.97817294100211
15.20837099085827
93.9892344454493
58.90840952653689
42.20282979076865
-64.57343384007767
-68.73690055659866
44.80096047319757
-46.05229169658524
-62.24458614376035
17.08998206663781
51.68844172289585
33.7386585195649
38.2940044520907
88.49842613576088
63.59321387552365
-24.33201292935398
-89.36649849529584
74.7512527796089
-22.49579837113233
46.70469783908883
-82.00866654783661
-24.91406095097866
-25.79400289239828
-20.31279131691622
-50.99268578093691
-5.769023696033819
79.9141167064886
3.896386565698911
65.17556873336483
6.350730177378321
31.95459174468896
-93.29413594940389
55.3626581055612
25.94896550267505
-44.08092537547546
23.41859579122002
55.72969344378826
52.39938956867673
11.49857363740995
35.59570319487391
-32.78517702302731
-45.37533501448412
-61.05308889705838
65.93936113097887
-32.86267327066191
75.97637818265076
97.15750804044247
49.59573110036135
52.44656803913798
-86.62571739308922
-70.42983605667089
-96.70151229638442
-95.18104971562363
22.59645293734338
-99.6387406027103
54.32146029357672
58.192653041046
61.37525493335164
7.200812081124243
-41.75501205823674
-7.865535359025389
60.7554558255239
-96.37750660216813
-29.02154796407367
4.234434514277983
13.25161907789674
-19.68917541507831
7.610394852522679
-23.99426556046681
-49.72820682903029
14.41982528029113
98.29300086379129
-59.84492255341655
25.69290259221752
30.3940205095967
-26.72318655870609
-15.20716766595675
-84.47146956573511
48.56246537149937
24.31146199320521
-4.291270136734479
-1.295006628979258
62.33050430500611
-4.625012819518838
-55.33237079621279
60.01170690477087
47.46433103490897
58.20555482034711
3.639983391430174
-35.38028792692875
41.3899612054912
-9.25092062784759
18.09573603702254
65.72229150478921
-42.23711916487434
23.62391733799609
17.80313392186408
62.38478928934869
-21.99716620569562
53.12423434135199
-12.84509233162037
70.37633009828851
14.58239357331149
-80.85645730107397
-78.24617154158037
-16.77702141091863
94.05758976313878
23.49952816932294
36.40262302796226
-50.08197916457348
-98.5073457687827
-57.78675552539779
88.45196367871367
-89.93701743183279
2.067046775433524
49.96863948821383
27.03372492178173
98.8814607810621
-95.34203959560017
7.846384902533861
23.72537725216009
-40.06877923768639
60.98090944083452
40.03999147811535
23.80016796313149
77.79248724506003
77.74708408328293
-40.18245897341913
69.81591369182114
86.13879859288528
-13.17138891296464
7.061748653114654
45.84289882353406
67.43454519038976
-42.28441254894908
-6.273988996216183
-3.7928487809425
-34.4344504226437
-55.83575163651327
46.61223914015188
34.59840794792299
-88.18702531341029
61.94900964445578
-31.91868379890337
-61.32968821395036
13.66009880689533
-44.88555955022423
42.40717213926273
-43.33825082399292
-74.0257516152744
5.183547259300668
8.793866753158346
-85.50426246931023
-89.7379319189135
77.37628242489644
37.68221341552
84.64417034536534
74.81374272870612
19.95699415932868
70.81874104675731
70.33958353070548
-84.29400889099823
72.21019686893725
98.97343732061498
95.74627698442603
93.25797879720093
80.73901763208994
-29.5155677292374
-57.87664730933395
27.11732308781928
-95.7254134452397
51.80714111854157
-31.78612907541335
5.104048764483553
36.65152935912322
-93.98937619673391
-43.36952152840848
91.69479203819341
87.76733726812296
9.258562033198631
-23.94732699922565
-22.44577234502632
-41.96700391675508
-22.38287373261364
13.8005767230167
98.78896229225121
-39.41884497371598
59.75349154474456
-61.11370897532519
-47.37702382840633
65.11389917656956
60.45646715525575
-15.91235575604894
97.67980210072682
69.91955319425145
-71.97552756969516
-47.87125627701109
39.51126842602948
79.60404791092435
-56.08466008840472
45.25347550137108
9.364287018106412
-50.2793463938587
21.06515668424316
-51.8256161494011
82.54387447106606
90.80894828750007
81.06692123358465
18.4754304735011
2.533475899722223
10.2946669935512
-80.00948677455308
9.100691248580082
-41.12933207049689
58.40942274684343
-65.10981011134551
-33.54921161473304
-90.23783997678457
1.208979263809198
12.85067982742268
82.86736188354254
-19.74967876338059
-85.57578836408598
25.75904222893239
-32.51593503348614
66.04841136730056
72.10114010369404
20.6765013098745
27.7527523611836
-50.40043095723313
58.02790817484313
-96.73286959645532
-14.2678782299765
32.31932439656777
-2.768530380316308
23.07626419664094
-60.33440570379182
-14.78561805221476
81.43081329143776
-33.89965107982979
49.47409562456495
-91.97372161823408
-0.536335641883263
63.39531227918051
68.80199931728026
-76.18531795652621
4.472094209022631
36.19637179228875
-63.50868034934786
-81.33654136651236
36.85270300585698
52.96024763280212
16.61068679641502
50.74078356833206
9.950591532968948
19.21030701990594
25.1824958126619
78.78039942298123
-54.47583464725164
28.64123742598513
-52.85985080148195
-39.10219146172495
45.71577791266257
-84.77651912838824
-27.84507335482748
48.33463883744449
43.06427532783205
29.86902761043888
98.31382326687444
-82.42804895542469
6.68210840011724
96.5333760294311
-18.6746649259415
-0.06082935102276349
-0.5791909102245877
-56.68155586136509
-37.10844605786048
-59.17342939724369
-77.56280194072301
-63.90171133118596
2.767994009447957
13.48503657960395
-95.38677175126044
28.7661598807255
-49.72402208454537
59.48714049308163
28.83464930292495
64.03222062992474
-63.16144601982153
48.64247448790439
-91.96098982007176
-24.23518759244328
26.3080539013953
52.26469837141904
-51.06866489609335
31.44948812705189
-63.55813956974669
10.14442570041215
-34.46121680985595
11.29437916626981
78.1952631941473
8.740635791818249
-71.36988137231511
10.32549979994817
-15.50924893590665
73.37195624808861
20.68648488305345
-38.99020529210112
-17.41070475640643
47.138981268551
-31.48490696957861
-2.931213021435097
-99.7631152633771
-62.75670547845856
88.98480971494406
-1.282089562484122
25.79734794967856
38.82882872666834
61.77468919248486
-77.87735736424358
35.90832439616996
-87.95745451975053
93.04716568998219
-45.31200008503345
0.7798815209388794
-9.626191274161268
-29.65364443323026
-64.0594847259087
-94.63778276756966
-35.57948840025079
20.39573288201757
13.2452513467534
63.21907742839911
33.43166478358064
-54.26261964011696
7.243598431409246
-2.173162753864831
-27.88746072101738
-56.50459461926103
3.555526094267183
40.43375597393253
46.34243862690073
7.878813030257431
61.81498364206343
25.64932587174112
-62.03440610295895
23.18503876612469
-7.866701107403259
19.76018835069875
-46.09506858735909
-10.32846541032427
60.29950188227118
84.70740907785051
14.85967060791532
-11.04293060446209
41.30988514932848
75.24435108603794
78.16118976873436
-35.73784787893221
1.655036590298526
18.58623929554426
-1.660506348107783
-1.768636440124303
-28.20080948710929
91.31901669037812
-32.34619444257396
-64.43240730447428
50.08619641196221
45.07365260007226
-67.00267685620462
17.54146323985679
-83.60055528308222
4.166291878536724
75.79594584200278
25.89527105907824
51.90212483463363
65.9786801421107
9.365998525589266
7.601129433068044
15.92851485733339
3.444328482979043
-8.08667472337101
-58.82168069027119
91.64879034121896
-6.64811983167799
35.03009899375637
13.06105999651454
44.93718521235554
2.298896525420267
6.743031308636582
-14.80277544813487
50.14290797253653
48.72905879355513
34.70176434787648
-97.62822861544103
24.94021709823959
50.26247730203522
52.53731996390799
37.74153076537341
85.11767814327075
-53.62591250840683
20.53547704694329
21.07777244364712
8.305135352523404
-95.25969064570477
84.08770572605727
3.987383169783437
83.94904949379274
-69.78190824383955
50.91113125248724
-24.63938847856938
-35.77940055183504
-50.60406297895165
96.65389165154012
-17.52182950322615
45.09334037269897
77.75707826090949
-88.63265774542447
-94.54987289309439
-51.46100673546
-42.47891529147184
2.44210964601632
-33.05672580914933
93.71214286801452
1.720462639995421
-70.17759073183473
-88.49683268449108
-50.26742225405616
23.39053330458822
-67.27122330883823
-38.65950310826698
-31.92096915761892
68.88513315655784
26.88271104889959
-51.96142909238907
-27.75387728315998
-94.46039220634795
-71.14750707950462
49.01985953324043
32.69672957586543
-59.32949000502713
71.40345220378792
83.316646204275
-82.04239095772408
-12.95278964749919
17.47240821423443
50.40988354359131
-57.88782145920833
-38.9398947666847
57.47811098151475
-48.24109537160337
90.06653954765382
-5.539023693563048
52.82940872428532
-7.039419794398171
35.33995330668728
95.49350149135402
15.48905804539998
94.9378239658612
4.84813886649897
-24.44112236499387
15.5610567266437
89.35643673279591
-82.26873316242438
69.71386782342208
86.98982912939604
-36.45307216868651
-76.89928212340048
89.72341428817194
77.81160567613013
36.27500896917518
23.69637855269794
-19.31295436716721
38.42227315555515
61.48671593757635
8.810908963409453
-82.18270339439229
31.05007011707814
89.51114094281925
9.73850336950259
-80.45062032572916
14.94835230471275
-92.9031840769414
-12.09756721166925
-3.999447395158082
39.61959751543171
49.18906328649737
2.645983966308583
-50.67767696118617
41.32552085663074
49.90649979239351
70.8256429339728
-10.97878938677594
-13.66444957488642
51.00172421595791
-0.3145365540860466
-38.68641440473586
-39.10175044305005
57.21653433853115
77.05105165019346
-70.80834911341225
-10.79303620532955
41.97195385386962
46.90036173374313
-37.61310275244925
85.80324677450847
45.82553528500445
-18.83041020577662
16.4043103050991
0.2302209779047223
-43.0115620343887
72.36314503700743
-21.90669834331608
14.52595683306423
65.4120137972883
-64.800492941093
-17.44197294351264
58.77551775006444
-86.79857986139255
-74.16567486231291
76.35414875435259
-73.20369417937322
74.05018658204905
-24.280259077984
23.32895781247639
16.90577563634428
41.99525546319144
20.72887782293227
33.04862788391242
-59.44196199207889
-78.21077308527273
18.62625630594184
-46.58951565588676
11.6787759253101
-31.23654685105478
67.41840337645461
48.88079063868356
55.85955001743859
-63.6044767935564
35.24198236145816
-32.80743502471035
55.6489468174254
22.66753503852528
-8.800586586237653
-42.00865882963243
-53.45888497967238
9.904759984235577
71.80799166635089
76.22803425613291
28.08741260400451
17.01004831821339
-28.46639856466206
27.28037084674555
46.18291443011839
22.88947328315137
-41.47248159464812
30.03356811480364
-27.23841684067364
-3.507463650399074
-64.34659671427352
-43.77241011844651
26.11928102330143
34.99046668916225
10.87951991358233
87.70094655408425
84.07866139251665
1.202767094597324
1.55013648072443
60.26564409062562
90.51199874535028
-63.30352492613735
-56.78601872284424
20.79552444950261
-49.54774296669155
42.64304263547254
47.12725393941307
-33.12549890528489
-21.78402449311217
8.606702979738699
-1.649415827404977
-96.1519195373742
32.26521523390208
23.0399708043233
44.00046382280924
-8.037748196314624
-79.91218998111744
-53.32715348914599
56.91576710309651
72.58712733274251
-24.24032259591414
39.69566750659594
-74.22577875799234
46.89430588563791
7.941460423210504
-38.38455476887903
-4.564852774552775
-83.46610062665111
6.316915253869718
-74.44808011208923
-18.46978684224863
-58.82434987355089
-77.99327646504597
75.609415097422
-28.77276473713714
9.133208318021309
8.438535377769824
-34.92131536862816
-97.63446037298161
-32.09926205001977
-87.26180792384754
-12.10460207456102
58.47554618922706
3.00477694607858
-72.74408013669193
-88.40052716286208
91.63984809743464
50.46958172704058
-52.24566862380581
24.12610116215588
-99.59785933061548
-98.03524798964146
-76.27514600407987
61.79906922194537
-88.66874814882122
26.33590210925793
-24.67329935225112
-4.835398678156751
-37.48355452103284
84.05470253167987
20.10087869771894
39.44968003395618
-41.87823656174012
-7.053343248005871
-7.791691830868078
79.6835256389065
-48.77245670081521
83.489537806013
52.96727700089071
61.40216231795765
4.354509837102245
-55.11017398204368
-99.23243486325961
4.751869963026001
-63.88597423875524
75.64641314880117
4.467604154182242
2.257634753542914
-31.57540493746808
47.44884813705875
46.95719775454459
78.31246503457308
-5.289319503416648
-86.82465050265392
-9.174490795646264
-88.33224428754524
0.5922499861491444
81.93479830027907
-42.51869782963624
-52.45702118383949
41.33711620922954
15.58826849932309
-17.84908861520713
-6.067289169758436
53.57707229271747
50.65998210111257
53.46630621655711
-50.06264538232445
50.28569430905851
5.074346462339665
2.375852622361705
76.2891193681929
39.49142365899361
71.536582938957
0.8028399375600392
13.97797762734636
-30.53471384904138
-94.97900834351715
25.29448866218436
-6.729037057189831
30.23377264674266
-69.01837360866564
5.769767085254667
15.04743689646654
68.76561293103164
36.28207121549423
-79.93518871141654
-81.07663013315585
58.06318678198816
-23.34455331336798
-93.60114309664792
94.47519635952277
-93.71453313101249
9.707560044821019
19.55477823121226
49.83271473221786
-45.2733565487967
39.27660891286219
-20.74841083923073
6.253679103244548
74.39149783559373
14.50049100957181
-89.63271622869233
67.43910454631822
23.80789459755439
89.02769730082342
52.18471858959401
20.14252923257629
2.52102101289152
-53.78171788113427
10.09165013344645
21.03505461585682
54.49496147073354
65.667216206066
-2.049863873639965
29.79991791523837
-71.58899214754837
9.436619081351303
-62.3619083096667
-22.97291661524888
27.92542433834658
36.00680186493706
32.63250678663969
72.01906656697101
-94.3603983551956
-34.53688863540592
-70.71746211881073
-18.09502558347843
39.01491853592437
36.83338555539382
-85.3284094314149
56.21299708517178
-26.41335174690199
-72.83592174129777
53.60578389128023
-67.13231401666269
8.420865040991067
-44.67393107968568
-21.93738660802996
-35.4299299727362
87.78379568177864
-31.59245581088789
41.2188777153775
-46.42762578864942
16.60769895056828
9.023398642628056
59.94652004583274
24.82776157575233
-77.26217730015145
-60.7338571067349
-30.37544645762599
-44.55088698520235
-62.29217550762814
56.59707167647682
-22.67839993250362
90.10678863996027
14.28235191073044
53.28734767382894
-89.95412079307933
76.45710256422832
-96.36549504686991
-25.93295645185694
-54.28523897347491
58.19029783338817
-51.42268821772725
-24.14614260622015
-60.69256162585529
-98.09559371116519
24.90378432035186
-99.82594723321414
-89.85806796824593
89.03624297857122
86.24314707955807
-1.916618185162064
-10.10914718843511
52.50861958770908
-96.96483608228843
-66.45375300009837
-27.70655196092424
-49.7102270657448
13.48298585115675
92.31485459905291
-75.56811375923948
-17.06233429897713
-14.98843321690596
3.45057231979785
-73.14030522272358
-94.40799318919909
51.50074555630013
-25.05523849929908
20.69978569861871
47.15676512557479
42.61524623556876
