2.423480151823606
-3.140005181726352
2.039824092905336
3.918245131740552
0.6053476716551275
-0.7627622247377308
-4.37783537711283
0.5764638283344886
-3.313803584975082
-3.818533570888905
1.597471440095062
3.355372831472014
-0.3559338503593876
-1.454553116452408
-2.957732300498799
-4.690004683949516
-2.76717231323136
-4.38912700879751
3.002318931616191
4.215895817203966
1.879660863931081
-0.6533810520514642
1.213105919589655
-4.134064523232292
3.451645831013923
2.242045528230165
-0.5678942640546699
1.747727312348363
0.9703186476756471
-1.950973500273471
4.278817207074697
1.755269417272852
-1.062769930793313
-0.4238724329877191
0.7494520032921238
-2.538636181635969
1.118370433039626
3.100859992817968
3.527946986068264
4.671161585186275
-0.8969982625918249
4.070637721444376
0.03146146490168215
-2.303578747877319
3.775879771879076
0.1507465824385991
0.2609803413883259
0.2398078877522919
-3.786589430377325
1.76560223928672
-2.905994335139226
-0.279118814577995
-2.545088915044569
-3.264893905380007
-3.365630097211536
0.4481948354984524
-1.830884333396184
4.017898378457582
4.980764613928956
2.727004314521797
-3.548465227883422
1.632180967521547
1.460709102976156
-2.798408603070692
-1.760725603676426
0.293152821524344
-3.398976409499775
-3.108941537639219
-2.155775796178868
-0.9770480239859081
-2.227177038211829
-3.763670865958326
-4.072586236734772
3.433280288546295
-2.510032342979285
4.428526464859716
2.837293138058714
2.146434320333629
-4.129097318265258
-4.24863035995871
1.907480294549564
4.897641321715459
3.528711818345737
0.718987141216936
4.710911648074047
-2.253526597363823
-2.816433674446546
-2.046040325542136
0.09788764041267342
4.542996697103156
2.66691906505153
4.412777370653171
-2.156061838774242
3.627982319594768
1.333186329017795
2.357209589854665
-3.042960076255036
-2.852517981950894
4.299753362411691
3.064553013543172
1.41709078006458
-1.373489986714651
3.132934956462552
2.730884224337815
2.421793977370996
2.926135110572139
0.3492425368194294
4.842564104131917
-2.864404160454677
1.23175500485186
-3.984705997581136
4.827446358375049
2.780958665133946
-0.7498947031689744
-3.250473015903532
-1.745069324327938
-1.15118374171595
4.376803333745729
0.7623086152371226
0.8610224927958217
2.01570591071711
4.587939630856535
2.094031058067825
4.302539142149549
-3.084982833210696
-1.018566027785496
-1.317056953791345
-1.603985687494729
-4.292469404638074
-3.830057487036108
-0.2699947324655284
1.273818267028457
-1.766819815427163
1.900579846741874
-1.246633302008565
-4.541827504591499
-0.9529954890580203
-0.3350291211157979
-3.925733747556979
2.862644578036134
0.9588195425179059
2.710655887552991
-4.445632795707916
3.607790017612463
-3.205004378699194
-1.486698901343997
0.7322964149274529
4.023792157890711
2.664510996864501
-4.4919307764004
-0.692354662670282
-1.838854441358747
2.370144866198493
-0.5369476199690306
-2.919154983773608
4.225656820049688
2.185837263683967
-0.86672747754329
-0.1811704335021511
1.986719640802259
-3.533196745058475
-3.434242093294933
-0.2256925164704835
2.81816086874457
3.434394964805476
-3.750052179608265
-3.468124439242712
3.194979355480319
0.217301159482054
-1.747401935779825
3.010234783131289
-1.082352795720562
-1.875963637857092
2.39427645800014
3.336445999015413
-3.523339193606881
-0.02758034235189466
0.6433525215553754
-4.451303051161178
4.854520997029435
3.456576223133562
1.992757278499897
0.6025045278826263
-4.506871592872414
3.99609079955212
1.125059414600887
-4.654901353962076
1.871084591982112
0.9891208636801025
-0.6913250199775911
0.09169672769594067
-0.2098494632963011
-4.941039633622331
-1.887905472953358
2.415213079225223
-3.926945312936261
-0.9462342094979282
-0.7433876882718061
-1.156082161412072
4.475756870716814
3.164694720814207
-1.857167199279161
-3.859771688865815
2.838611672887037
4.450842744109843
-1.999454973475922
2.716816257466421
-0.7740317801596188
-1.054459938960013
4.30601652827949
2.83744527603333
-1.139414235113495
-1.954552596751777
0.04958605163851979
-2.994199951031797
0.7147843871246923
3.112068876557997
1.685356264347666
-3.374896128479608
2.480095571579435
-1.724427261810757
-1.69485672747929
-1.957587892859489
-0.1991765185656647
-3.019770896717477
4.273221948261142
-0.7839419172629402
-0.8105864441677046
-1.181007253425738
-1.031955644429533
-2.672741222901744
-1.004467596642157
-2.941894113443536
-2.804955433211807
-4.442163786053373
3.204801452882356
-1.363436275205027
-0.344675400436843
-4.893758339425744
-2.655506588521825
-2.063975931305653
2.566612296241551
3.688568207076314
0.8546692604303709
-3.074168243025953
-1.088231575791088
-1.132944901604918
-3.496413032663855
0.9712365591386967
1.960397609620049
2.736016353139854
2.824444825523496
1.139314347615049
2.335697707840202
1.426951488364107
0.2692238936568652
0.8791734724294118
-1.564171215160761
4.460697685807836
-3.42920264793479
4.554152752056882
2.720660754476168
-3.14300238377736
-4.952647712270873
2.918562658633635
-1.412987929486245
3.713406119242395
-1.855773561214071
0.3022156002819656
-1.987817821640624
4.367880226315204
0.4750601263115067
-2.259759439236917
1.917186819866518
-0.7190926347420405
-2.09496533846616
3.300685817228619
-1.417714164297805
-0.6741514957869954
-0.770617223907498
-4.223242865391578
-2.739029074247454
-1.340554380495725
1.620221389284114
2.13689847837697
-3.3990704316823
-3.201604603078234
-1.381737255042512
3.572845222042466
-1.819289942549679
0.5681021655633268
-3.029197622083183
4.636925667374606
2.428304673944455
0.918416208488577
4.048591342677833
0.5860693460330084
1.248512489070208
2.233748286317418
2.929643444097056
1.285338658161904
-2.828291316431406
3.255658705434821
3.277411172318559
-1.979426293876214
-0.7672756048767315
1.282920151617811
-2.287989774071243
-4.97744609051923
0.4367718818221638
3.609447261798975
4.521218949092036
2.706339456515079
-3.8966415670707
0.3814377211694536
-2.828434784191645
0.1810720125484984
3.242932282270789
0.4926223910416344
1.605226516753465
-3.141393144275186
2.669453461218849
-0.2109467034272458
1.482393406505232
1.054292632338828
3.78350086242409
3.452940642034051
3.369432288468096
-1.290237051742775
-1.597620959354507
4.185921057179907
-3.694635330651339
-4.521714219272358
-1.46346553152882
-4.83860110181698
1.82086878135338
-4.134856160141953
-0.5721509421726622
3.536779325874488
-0.4759380050339591
-4.746805832788697
0.6497230560443517
-0.6013634997668115
-0.2189802702049849
3.554968633289047
-2.668853906523866
3.947756915580076
-2.436705612380303
-3.475350332629848
1.99712925236276
-4.081377125020206
-3.470264022988272
-4.887306801236796
0.4162121900473502
1.83261335034857
3.598985621997714
-0.5436142397061763
-0.7741338571644263
-1.286990070881061
0.4082479257625934
-4.689225978083686
-1.709245288663563
-2.563555087466872
-2.750062755104142
-1.042378556470606
3.076700113111742
0.1480694610133401
-0.4051221706722868
-0.08093695648152116
1.585430818105168
2.746914324670798
-0.9325804034924299
4.00193579305863
2.216037280608509
-4.707195923969675
0.6625553761220692
3.827386656246982
-2.677505497620254
-4.110118004094437
-1.635200284849164
-1.438739224450246
3.770226269871186
-1.548990892106105
0.13034683843596
-1.965606010977602
-0.5191959929913403
-2.916391194319232
4.683788271452602
3.887840986630393
0.3962761557825102
-1.439261770647259
3.064623247127134
0.3340989647895736
-3.262870424914476
1.756180913434683
-0.7915466408005888
-4.714280515171073
-1.856781090276169
-4.638660467778926
4.333167130643639
-3.102884818116061
3.498336482393371
-1.322694197798512
-4.663578063565868
-0.8144032722304773
-4.294275203251117
-0.7244146954612901
-0.1141109799405336
-0.5842159140415664
0.2943730247132675
1.083196911808147
-2.686353027256371
-3.835584830935449
-3.027130513795473
-3.729838300210113
1.798715166827516
0.3762111748572695
1.924479578717079
-0.9293430905062559
3.220604190442721
1.349512519244344
0.969512876544901
-0.9814853336923945
1.489075768118743
-3.569583647682038
0.3878507874577359
3.265787257424766
0.3736492575774981
2.179561019536566
-4.570354549733665
0.5091875987599715
-4.954287692981616
-0.9639574482674662
0.2486315041924535
-1.422063948829918
2.827434519313448
3.801915742924286
2.097355679890361
3.127616958493783
1.144982191958964
-0.5271094983341638
-0.8309201001430875
0.08734056936726345
0.5525762916580254
-2.151996283439295
4.112958274320293
-4.083623660854864
1.439924715468866
1.073619639492758
-0.2976590822367122
-0.4620004432318161
-2.481536271020865
-4.667709222542546
3.892643234575166
0.5418011537813023
-4.709570465756181
-1.404092192412868
4.174277383409658
4.660046808889874
1.554306145729634
-1.377212121854763
2.817869807255443
-0.1378125831230951
-1.405292697471862
-4.4950320124514
-0.5774302356558909
-1.633773150910842
2.527797831765249
4.461151462806814
-4.529450557638884
-0.365499508138227
3.618712944979088
0.1285724443665308
3.707383327124754
3.119932813397081
1.667228283936443
2.488802064184361
-2.111244028239622
0.4483985399615386
4.116651979369744
2.860881990123492
-4.17535002757274
2.767521723812685
1.23194852460518
-2.921945161595353
3.262795825242845
1.572369920728835
-2.702472077902623
3.969819418672352
0.1122425992772448
-4.303778465917558
-4.574669654225435
0.2746268287196179
2.983246431949294
2.364997889001775
4.761953849736436
0.3492329471463302
-2.383266405505275
-1.972016675604578
-1.683045325227239
1.849363735132624
-1.62280383541334
2.292290812711652
4.811846182674275
0.6331770751305023
0.5168802009380506
3.659065514164119
2.510833548800884
3.232023685519477
-4.543196123667303
-4.821847258551182
2.224499414911289
-2.840526269863637
1.376771958409404
-1.446047176234847
3.388827263146398
-0.3654803802285422
3.490159381688667
-2.631415829658541
-2.154202345716097
1.588701568650756
-2.00159168247464
-4.218120540592611
-3.554841647952836
0.808288891286621
-2.612179278993313
-2.3786005505376
-3.930148692626085
-0.5954777219240064
-1.565306895153744
-1.652958571678874
-2.391435420868129
2.839667992566088
3.919030232255264
1.789337681927608
1.073191867373338
3.897367684864148
2.069793858339654
0.1444256064638996
-2.527515079492824
-0.6607156978129719
-0.9627309281320058
0.8153703000278645
4.735950658684124
-1.572453954401771
2.469139415185565
-4.385991177866278
-0.8994238674671298
-0.600792532481028
-0.2970349910114267
1.040080041693499
-1.814306535429653
-1.161207560270931
4.482565905319134
0.1393625006571132
-1.857446728361482
4.249127074658359
0.07548151808822313
-3.600599690898943
0.8095900719419427
3.939529553608069
2.826103619316314
2.004935411200218
2.300670483955301
-1.151576484057322
2.894121501384512
-3.665416934146645
-1.686117066708217
-2.463514188401458
-2.008752956374276
-4.399095796113799
-0.8317538810841629
3.704124678256307
2.116407347482969
2.623668869039187
1.365120294776618
-4.063256266858653
4.84279836770931
-2.634941029495097
-2.768034262521438
-0.4742793707915003
1.723236092609613
0.1583642131734099
-3.043494801747786
3.484567586812069
2.0281355882887
3.912185397353222
-3.262088538052701
-1.413747675559238
-2.312479695560173
1.632395245913701
0.8995748111733348
-2.191366765712256
1.752046012223363
-3.952310177028991
-2.387427038583621
-1.600550090380853
-1.573256382453045
4.773551822285831
2.188757930608102
2.347268557431024
1.113151797548728
4.788340772206644
2.475257478079676
2.062926537464484
4.721006818525851
-3.90916802633682
0.8733953503051771
-3.511631991471451
-1.798024594953142
3.439068198937317
2.896327116386348
2.887292052882854
-3.907159310687449
3.241523579759618
4.828024494919155
-4.270479737199641
-2.282636901273398
-3.549264466986238
-0.2479975278399141
-4.72323328167885
1.855078267823175
2.159729987469494
0.3211114527344305
2.529042922223456
-3.245223581983115
3.028486182773884
4.321391043936594
2.931338631227023
0.2494255209061281
-3.936322270855811
-1.318772026053535
-3.681668320761306
3.170359729966268
2.775561055632743
1.726369371862988
4.809431622373699
-2.227445324518424
-3.160900663215926
-2.024214062376408
-2.693815434506852
1.017381885048141
3.935990063942523
-1.583746443276752
4.076325080945978
-2.90137602724438
-3.922031034443997
-0.8878551419793212
4.246621621750061
-3.309548615145623
4.00930814782372
-0.3726322556114434
0.7249518408705589
-4.199654647947362
-0.137934782858735
-4.192366691522048
-0.4962835217973177
1.176977965086954
4.510522406841973
2.516838247560375
3.948876054103474
1.377115499762992
4.224862323507864
4.221251498198917
-1.531525081552549
-3.645453551534219
-2.204845131172662
-2.918016995800656
1.225915851885521
-0.2720752296971012
-0.9403017775274818
-4.167030036675051
0.6153720762088456
-1.23523676101992
0.4214619873688702
1.27591788202325
2.073319094136168
1.857473077823718
3.661228389656989
-0.3531528865611612
-4.452866216971843
2.431215692973518
0.9775799114436809
0.569888358998472
4.963992295603509
0.01924383499038689
-0.2273083154484173
4.403688883106854
-3.116056962803275
-3.586951418170431
3.838451298160597
-1.710497070908934
-4.374782887356819
3.134193743705795
1.017500412137567
-4.607037427622878
1.199051443268726
-2.502855117353246
1.742130197753996
-3.165667307555027
-0.5658025361744634
4.606497955605444
-4.706553702394603
4.070190937738812
-0.5043317011738332
-0.2704426197344327
-4.359931451850306
1.67987208748729
1.721710044298115
4.121639344364695
4.062373249085419
-2.605666552888755
-3.877226862006809
1.026826924991125
3.108987826947764
-1.996000019653436
4.791181161750762
2.71770388184755
1.762007497733407
2.418684096975017
0.9982974358610899
1.546012976565031
-2.411371233043887
0.2535339559098512
-0.6189419648289919
-4.904572734196457
-3.239196978943923
0.01525576092713899
-2.86508581391054
-1.926608203199385
-1.087297792428962
0.3045925105272145
-1.332790423257979
0.05603813219120157
-0.7873134895097536
2.381909167384438
-2.098977161502321
1.144938488778251
4.691407569775635
2.648676919531405
-4.369918958085679
-1.821690855924206
-4.518276199674734
-2.633958465578134
-1.402353915512099
-0.7953422193663513
-2.340856129722637
1.295600018661905
1.411002509263266
2.388807547033368
-3.305146920877892
-0.9999450164371486
-0.6690392891234238
1.732906933728273
0.758556700308624
0.6821806028861205
4.085766064634221
-2.77061220019565
-2.664891983169919
1.930173859813103
-3.706008983999534
-1.530269629117898
2.31121728797204
3.202596118181065
3.953356106103598
2.38656146630523
-0.2057447433795915
-1.296977934640998
-3.450293898718773
-2.123529797247233
-0.4137904483321048
2.517845454642061
-1.438168815513355
-0.432806792865048
2.257212082899783
0.7948559994297012
-1.037615266188278
-0.6663364887575109
3.042513944976393
-1.583094661472023
2.612236195295344
2.577848589202827
-3.545182178253203
1.563908129540804
-0.4232234961173856
0.2641224750863175
2.650134543623385
-3.750462556766236
0.4846678448307579
3.171706649983179
1.930927175629474
2.043690117970166
2.0030609490772
1.069184074884763
3.181089999063811
-2.231416420681035
2.505510082207645
-0.3970881198772879
1.349325915702455
2.92389533078404
-2.200924222801292
3.45035415109029
-0.3675177823765254
0.6411600321654303
0.9226537175327204
-0.1905022842956255
1.866349469768587
0.1592899332235999
-0.6737108013257842
-4.605288157712167
1.16540028206461
0.904572833632674
1.939087483579303
-2.310108162071202
4.346589010067061
4.012965782622651
-0.7528409921245517
-3.838508857018172
3.793966193166265
3.731233638831988
-2.255386324798303
4.75857228235432
-0.8796941721360341
-2.51506496465703
-0.9679394253303329
2.569839420500672
-2.494052696602734
-2.672453101454027
2.62142350364859
2.23744824173868
1.101884466855602
-2.935101784775023
0.2096531311521538
0.7914517874146775
-2.346714511626071
0.3252781902063717
1.393082192094087
0.4000826480372624
-1.554745127589199
-3.209483579609502
2.023925953232306
-2.609627128090005
-4.487557241867259
-3.498733406775811
-0.6113504009320327
1.069110335353551
-0.6195510401495318
-4.621947589580769
-2.492749688600088
-4.309716271530862
-2.540772857921331
3.341350577313221
3.076549408161096
-0.9954470906981621
-0.3832556879149712
-2.961130193737391
0.4771708457598773
-0.8627600632579134
0.3228566897283432
-0.7700191561876457
4.44743794387244
-2.923779507116349
0.893764715609924
-3.811120537510342
-2.422772454852693
-2.100196601933587
-2.37511668613955
-1.96760898598722
-3.211990197146285
-2.646388745679185
1.427262381117662
-0.9249611191340292
0.8273150786041449
-1.582668254283359
-4.790428327001914
1.675084563763836
-0.6229538999935
0.7837107563835635
-4.300904393353394
0.5781911266667963
-3.285193819092516
-2.5689741698412
-4.191007974730213
1.125813492481842
-2.19411473037577
0.3983593825542371
4.660304560343472
-3.954171163198468
0.1049377438866125
2.188792622952766
-0.6901256290736636
1.942093984174377
-2.704663051665425
4.352475122419762
3.895512576332587
-1.760803793601941
2.481787274510521
-1.917622993622876
-2.340184188534864
3.894698253661647
1.550261724720188
0.8788726004111573
-4.041508599202995
1.470723654372159
4.122227495019311
0.131508608679355
2.719400960541165
-3.339944505100272
3.960794620034311
2.261529116938552
-2.056557567695304
-1.741385065324383
2.245144694970756
1.107329581457137
4.285461033567076
-1.980397229139464
-1.338841394131755
-2.367123482555738
0.7407975298667195
-1.480901337222155
-1.938096461667582
3.64864643289346
1.592145966567246
3.135747124193403
-1.225160870775148
0.8474338843739139
4.228423325940033
0.6545095220776582
2.505850672577592
1.582402890228946
-0.9965780390519658
3.364489780921312
0.6395550413331037
-4.776855272182832
1.230956513734172
-1.815054674385579
-0.09987611799295525
3.442230929377234
-1.10375593956391
1.553197651272249
-4.138386783002135
-3.964378322720099
-1.07738347555199
0.05440135664657397
-2.370141116548667
-0.312965182709278
-4.526219238979178
-2.231195236034355
-0.1323414933417584
0.6939869078380871
-1.562847247478175
-4.233026719133525
-1.24704505293702
0.7867508045452194
-0.7932720969791519
0.3221350363227007
1.029649705452031
0.5884761466307807
-2.313890661621189
-0.6461689099264163
-3.153294914066841
4.786316709471446
4.24347231937236
1.179814632575395
-3.312965371159846
-4.192898718527831
1.449543559934877
-3.276482220853926
-0.2774055155463406
1.792172101489766
1.859572816616513
2.042229739102257
1.023714185998678
0.8129687046696901
-2.639458273973169
-3.847552059829408
0.8170964306587298
1.031723710525546
3.863864025861927
-1.086205631764638
1.006943711511314
-4.952298997569102
-0.9396507502267819
3.087623150769054
3.196940108002153
-0.2765066234932992
-4.384121988826349
2.948943566981263
-2.757912678218109
-1.964421606516664
-0.1848238603527155
1.035650476547794
-2.008496649818063
-0.5691004983794343
0.2497009623983072
-0.1255506074922138
1.772853399524833
-1.444332341307165
4.507605954570143
-4.584181149663494
