-10.10705929785223
-11.29753290476826
18.86971025476666
-20.67882146003119
6.349230874418129
15.12242403468513
-26.35372213763452
-6.591358940284071
10.72803888851345
13.75223222664999
-8.456690093651028
15.77856093903902
13.53842523354227
30.53308406110535
-4.833333904150617
22.74068017728321
-20.35385279542017
2.695272367919226
-12.48986442269596
0.3370894449960138
26.91288973154889
10.99809922376628
12.789857781698
-14.3389106756434
17.21489851271031
-3.935501186574417
-23.47877399160084
-17.65583982223658
28.78779266100794
-17.77779615266841
5.319162900924941
11.85271028282768
8.752088871808493
-12.87870252624669
31.23418392562068
-29.87187315009264
27.40493931824717
-1.626284842254199
-5.520546073607797
-21.80244398096598
-13.44912325696227
23.79256336891549
-4.119774329514511
-7.065922488465907
-13.8182128134585
25.3181068741503
-10.64564257000603
14.85515317349466
-16.59936501450466
25.40570795489059
-7.292764304089185
-11.69446900231674
16.19657038056583
12.47669376158317
28.36400840016733
29.58695409534205
-6.883169776171608
26.20026871183927
-25.33739063714836
-2.17870392345611
-13.63157549478653
-26.50418987434888
-30.90652960079187
0.4867252525610916
22.07015884397099
25.93015050877848
-11.22229466042771
-20.35683575402972
2.878205021079048
-13.88624614918354
-15.96255663276988
-5.823445878868788
-17.45884578941972
3.412886903787006
22.89116777225393
19.33711523778243
11.48334039160786
-13.88977249271564
-2.334089440322653
-25.26427084529579
8.502327339379931
-4.690966437914381
11.95515208229055
-15.20685202099973
-2.0333993791389
20.33463597100121
13.6780368459668
27.67672651346425
-23.80421345196131
-7.808330024648177
-28.19126394982842
-5.18981672168542
-28.41847348005312
25.34091965421373
7.022735749963861
2.694246574225457
-2.087105169004325
-17.17691212429698
17.45078480885864
-12.46126991639338
7.430502154547776
19.55884212655586
6.239621920550721
14.49618462019397
-26.24536573485394
14.97209040899249
28.18299469607722
-17.4631915923146
-13.3950700041208
13.93629438600287
2.857181178149574
-24.85973436911607
11.6155786876988
17.24466050784513
8.43366842758021
11.30242376775742
-8.25855308978992
1.075962080204017
-2.58234283491795
-27.31114122319381
9.590280834524695
-4.86315232053876
-26.56149044930866
23.36902067829312
-4.813752879032846
0.0587287519923398
-9.757085860928957
-12.26980919712181
9.174759827246467
26.82690755325441
-30.58715815718523
13.21898064402093
1.150625468379084
12.47392376947525
10.28484514413343
-19.10930826647457
-12.77717389293866
12.79603938922996
-16.33241924607749
-16.72973079432738
8.513105748861008
0.8698155815645522
-4.232614678806081
9.981711657924519
15.84486853665041
1.551706013649236
-31.22222982294402
0.03765047429781104
14.90702950730133
-23.72297430605797
28.55467270976018
-6.543627906609166
-22.74199120405622
-5.580669657427658
10.1419539097736
-10.10109050710153
-5.488827136676979
-24.32415661927109
-20.50404671615111
-30.32206744254636
2.310218362457
-26.73375070742342
-29.74995351141452
29.02436892057687
-17.85667730105466
12.12792887414112
16.77702874606653
-13.96910005810483
-19.03617255275224
-0.2613852281338042
-22.19582263136481
11.93787560563876
12.58621604079773
3.964296040833438
-4.158123876645632
-15.95385531502304
-21.91590674648552
5.908042691817336
-17.63333401788262
-22.18967967463114
-10.32156737144895
18.69014565152574
-1.588420244267341
28.59191541203478
17.19983737968177
9.336615477322749
-29.26448187498414
-30.96453186296334
-17.77039156911388
9.370471014314553
-16.15101685112227
-20.69369648603844
-10.6974133374065
10.46732171905404
-22.48885702930728
-7.208472501692354
-27.57367080294109
12.13873199987142
7.299715012592574
22.34125549513828
-8.21429346869054
1.221957965173648
-16.99903832521908
5.361661766061757
9.431005878081423
-24.56408941555547
-10.94072495615887
-1.970539986650477
18.87807727035592
30.40333845407546
4.751971434294088
-12.86635896733459
-12.80411138519412
-25.33785633189688
-18.64027502290658
-5.665940180104184
1.195213051470229
9.368543022489758
-9.180542763247505
3.750037382191603
-23.30297995492705
-18.19480622902391
-13.34917527780605
18.79732381961058
20.87601672333198
21.06497756462417
11.03016268711674
-1.211807856354813
-7.61555032188858
16.38180652446173
28.88700755989901
-7.08074641851534
6.095890810585716
27.5675849790214
-0.2805513752819824
6.977634954663962
21.39275919814623
-21.67380345280138
-1.524825242263161
-12.24495648941241
7.861333885951658
24.78959805044718
-18.15064234161225
25.87142444516182
3.312549921962679
-1.704860603492576
-18.11254210649987
23.29068910565496
0.2114161237562596
-22.89799956524096
-7.018750811193825
22.05860774561851
-2.346635086688679
31.71002412950426
12.01521116695583
12.87909006073668
-6.921717660103495
-30.94914331427132
-10.51605494276765
15.06459901426339
-28.55740294563424
8.386306355116794
7.496275961358861
-9.697492767178902
29.86957012413845
-29.20798660566029
-31.56416669096219
31.32761087340529
-17.89703516869898
13.49621632589213
1.238236789963453
23.96589050722613
-10.21635337695389
-20.81019579478193
-15.69642827587771
-10.24925696338205
-9.442062292410355
-31.76878927589012
2.304138810615919
-2.488629280660162
25.86060606667615
12.65578476769392
-9.436794893329335
18.92179321425068
5.019030373721772
29.52434078823108
18.47012056106426
-11.37578371549396
29.06456488940609
-5.16854371270663
8.694328589648338
-16.34881898113155
-3.343613580803102
-31.15489364311328
-23.08883222877177
-14.79660841657854
-20.04507518367589
-7.061213396195102
26.26747622193084
29.85394871021473
-11.2956937821194
5.598788907613328
15.92304734087542
-28.61888847595281
18.30572920730556
-27.08815326816319
-21.76700550413571
3.034350760728633
-25.3777742506812
-24.20071779634351
-15.14857206128229
-23.09319875141664
-3.083912805680086
10.11039482200518
2.937500750080551
20.40987931001878
-14.55550584736056
-19.77996755896044
-15.50621094013409
21.35863596161915
-24.07984443384693
1.044992946366636
-18.25155795617041
-30.88884602203918
9.070792488527907
12.27059143456086
-23.52920102745261
0.0102160608742125
10.94764837194004
-0.5650963908779764
23.17659301220866
-29.2377711999924
23.54230877186108
10.09463217677544
15.77678221412995
-1.083077187231137
1.08592134833212
2.806143278898402
4.823306487212775
11.89197570779507
-11.87198768853193
-21.49757252198504
20.17053973918052
23.01110951781388
-6.176933474542241
19.7570891879829
26.79480407694874
-13.03770275413246
10.1427919508785
-27.31437772313534
-1.876137293364487
-27.68330838563893
24.25868184247696
2.539384620395243
-28.55969727554739
-22.15346471080089
-12.7975205166289
20.5640775089767
18.83752897169483
10.16732861185267
23.59792971168073
30.13131882116336
-11.84198773576499
-0.831060347701427
15.06842063597038
-22.09572367716146
1.687719957206493
-27.49076752955211
-18.45550119700473
5.537926158386647
14.51849442683469
-6.942862739948715
8.063945899588484
-7.41022251838482
2.84920658158391
-14.65942707268863
-7.523785526097319
-11.35740858540441
-31.47494014781995
-22.32264334349514
2.311307289176542
28.98002058184054
-3.81101224246623
10.59719682009689
15.88321106406433
-22.43294962357467
29.95748075135454
7.252594396932095
31.34283137168587
-5.529125249678779
-15.99523037695334
4.780198639328387
-3.252919093789886
19.9858793022375
-21.69488552433857
11.92590208753962
6.229878983313447
-1.514480521100213
-2.30159384826247
-24.20254947682956
5.540890042659738
-15.31205481982462
-25.72681197910419
18.70188334024043
2.313532231581477
-12.38537568609957
28.0320008425879
22.85821159800401
15.74507711554206
-12.69130017527865
-7.772709108932074
-19.12198049603169
21.90901815921212
-29.50682502257338
-16.33498421546164
-10.20643261133689
3.59447071548035
-19.65446059147532
-3.808769296945747
31.49872313748686
25.51947993390024
-12.59979656893634
-11.43221294218537
-15.09127904623673
15.89944681864059
7.154668982803981
7.290986783793848
8.444559709449312
-0.1331914925800226
-5.567753414066101
9.024641990363296
-20.82564989248435
-27.17967308074391
17.90465532347755
-5.705202732805125
11.13519892679459
2.624031534701165
-24.75043529174436
-21.21687698757174
22.45398904273419
16.61272973282609
-5.774189604225109
20.13188197449115
-12.21805628369212
0.3251748786823009
-21.28518479285427
-25.16024360885986
-26.16163557229204
-22.83346399281753
26.40012427640619
-11.82234552396512
19.84985027341215
-5.497036433349384
11.43715789360974
13.00679611566964
-10.7301869760847
16.95297444699202
5.368006009430594
-15.20542845864472
20.0950246758096
-10.15227968201452
-2.741325078654033
8.150034065044498
-13.47449635037285
-1.316268099333947
-29.39828764407482
19.7730880100067
-9.008973342527016
21.58676095760346
19.09854424332436
-0.4091259588672214
-0.3665306077327171
20.58170833491751
-0.8229019948205766
-7.799229346384279
7.388337205819342
-0.446848681361339
-14.13149985805977
16.4766816053167
-28.85496949774097
-28.22070061586681
5.022412704983104
2.297131492336904
11.63926171343333
1.178146828508088
-24.0362843201944
-4.005289114186947
-17.35606312902098
-12.89940250978095
1.500067522901293
-8.977768523957877
-19.60122251264357
-11.45845455387434
-15.77926259778506
-12.68986337513816
-11.59646238878796
-24.74571458071133
-6.870545243078761
-12.26563074062021
-23.18671991758125
11.49883821252256
-2.469627124332507
-17.27697992218966
-25.41793296303025
-6.197443135242228
6.609037456185588
2.284330164777431
-8.432487646720888
8.410469797472473
-7.452928761125756
0.01630033910634655
-1.059407457917726
2.598764111125713
-30.91923108443028
11.47606374083712
21.92477234232144
-16.72996955654983
-0.6392678086194656
-4.776728975706498
-5.627072672645448
-8.135631477940455
-14.17837899584202
-23.66189149367311
-1.726289088094698
-0.4643966549358415
19.61399699611077
-5.913431283680334
-30.80585139638655
-22.64147968012442
0.803883851430131
-30.03063440518258
-13.34127263889556
-0.2423932507731557
-10.7200559301919
-20.7544180634678
-3.564258895682647
-16.87964343617092
29.27028067739709
-11.47228553918776
3.44660380203258
5.303537376766737
3.37884920106056
-29.75237118780688
-29.74640312611408
-24.1918562497446
15.00261236792654
17.73170931930119
-11.26031131137894
3.623039050216138
-29.76665815160809
20.88249137308308
-16.96096031848439
26.46362034207759
-16.94839643576285
-27.9428975854435
16.36537778379406
-19.13849998587984
22.57750848643449
-27.96343637000788
18.02234982882933
-4.381858309960885
-19.1744912162595
13.23045249923497
29.04095462861525
5.700598549639842
18.87436957995007
23.04894589456684
-25.14534141644868
6.581614173073662
5.223718429350446
-15.14558734082804
-9.813720025874249
25.36908952108149
4.410519427472883
12.39189848438505
25.64043637944092
-2.956263299638981
-19.74781327856429
17.20052451473104
30.67301256920988
-31.55576599216367
-24.87292865000022
3.604260748042501
23.98489969225961
19.46924522203917
8.638140787660506
17.60926053759559
-24.46859183858029
17.14138113373443
-3.612947567139055
5.299798827713963
-20.33620521185198
19.26336187583209
-21.96471592029573
18.43039117229882
-12.61750491937095
29.55470479529444
4.727578601028527
7.099207707415401
16.07491567044908
15.67171336711845
-11.28484749098132
-10.60610605388512
-11.26544609427027
-3.569931401541952
-12.79191803826205
-7.259194217040962
-1.790659651251235
-8.040882191647247
-23.14354469087741
-20.76926862633266
-2.22767403822629
-3.081453250704634
-25.91300509852593
17.58051926148538
-30.57494275733678
14.5692313111743
-4.365913740134519
14.49690771784137
-5.638549959173034
-10.99476866405727
24.51936388072271
-23.7930488652574
-30.41555143344718
26.37208788120361
-21.11300613230351
19.45417474832419
25.02589754124027
-29.57437311505015
-16.35613889308972
23.8666757915292
-13.69767120318904
-17.66893770762235
23.44987616452784
-23.61114270463006
19.96239303695624
10.47790060887683
-21.16149993033467
10.42541830751551
8.413663321742614
20.42035126703955
9.526260855223176
2.274532881469428
18.00604005645704
-29.26134194699142
20.41542691910777
-20.88799996601102
-28.69422367366284
-14.44963053170284
-12.8702544981008
5.578937806064381
18.91864682308987
-28.66263664904834
-3.11781349892313
25.88301334379945
-3.156062581850663
12.94846898923176
-30.13300275676308
4.528060463179074
-13.8366225176429
8.927730126796956
18.70109768416416
3.224790365494024
-26.57116586809629
-6.667518216496707
-17.43674611063652
11.04564592349004
-8.126925408081075
-28.10826605266634
-5.778410393388266
-6.874374044483897
3.550176083902605
-7.578422347103177
-23.39713373511306
6.195736820454725
-11.42220966431282
-21.61583138451081
27.2176807357632
0.9717562578131602
9.675260605609127
13.04378814360552
-22.32473713620458
10.61579801397965
30.33261527045633
17.36727812190886
-11.82188383644999
-22.17701729703122
2.274269383177177
27.48382333652645
-12.16738290418557
-8.727283684321739
-19.87128943549289
18.24514840043726
-5.494860402472737
-24.51342544344374
5.408684331271447
-29.09504178259991
20.96340780862699
6.222943374208692
-25.19760428416382
15.88325818112959
15.40727727442659
-27.65099192450286
-26.1815911645368
1.059514123816172
20.51756244288412
26.96047761050281
-4.317457857101754
1.685035585040607
16.56548507831707
14.36944607669455
-12.32461027902412
25.43261762244388
-0.6661609090834537
-0.2888179786374462
-5.828423913135357
3.912227079335978
25.82076473932672
-31.99952469225227
-31.79109010826845
-3.369334995332307
6.185129232853138
-30.02694273316816
21.13573044879316
-3.223369049170628
-12.26079105573083
-8.552774076807834
2.627677633636521
-21.12415900920453
-16.02982644339605
-15.37963054502698
17.92120883454323
8.396510618259903
-11.50929820517583
13.7290170446954
-7.992402640564451
-8.831137326481739
6.823342651828415
-22.35236001557162
7.532186250653719
-14.44621348735609
-6.547274850010124
-9.008191183270247
-30.92368038043074
18.40051410275422
-2.484578813527196
22.17631542367529
-9.165031562276248
-16.85934698106691
-23.43667852082612
16.42835450397545
-6.361528945874127
-3.204124961046737
17.25016302633409
11.94192242055092
-8.911386538312749
4.771408005150143
20.71146611978927
19.04234894849855
1.390152975405314
-21.84478551780537
-8.133951095431792
-14.03641862376546
-2.494981738449169
-12.3855978967893
28.19449805834141
-13.30790952062851
22.66031748517155
-9.332829229800302
26.20640662599423
-27.4340911430374
2.738948390997758
-18.8357885216527
-27.02297412935015
-3.231652610294192
0.342614517638571
15.77225137960268
-15.38909501771156
-30.93387456464385
3.511337477949473
13.25388181013885
-6.525823867736166
1.342295333690773
-7.159669445885266
5.815859059301204
-20.28221054317425
21.21436533232779
-16.12353114189012
-5.212846095143527
5.941080841391813
9.005454693127021
-8.209921251858233
-6.429218970490203
-2.705639511237437
-0.9237927467127356
-19.05255106092534
8.694704646897817
25.47806893704439
-7.709562557598606
-21.60053566045339
3.425387585487292
3.952947223666313
-3.972158071014717
27.97985776512106
8.573765633567168
20.63099773885364
6.125160936450923
20.58636939165002
-18.97529713742733
29.40812503043107
-6.877065259490017
13.7648952124742
-5.543727724608062
-12.3624668209796
11.62978322768716
-18.85761640620425
-28.31455753550971
-25.58257329417367
6.028313699877815
7.957016086712374
-20.24024237420676
-7.816339266235954
-5.28037956063288
9.43160562536265
25.78320519749799
-29.12788048637115
5.658535521296308
-8.567503409979695
23.68674276331039
21.43560267301979
19.45201653005704
6.984736399447557
25.94573725110104
9.818776806310032
12.12959903508935
1.175187268573275
-11.79352275511089
20.76656581895785
4.758558318169078
-22.16018315380915
11.78623359068705
29.45700985006588
1.128328039240472
-1.891927720722288
2.937432130160135
13.72641674512314
20.77516328087349
-25.65177982359295
10.32154464937839
9.611593418269386
3.385124817822813
-0.6822727178204919
16.84756192906513
19.81895477192377
23.01995004450562
-3.72810518506454
-19.41488902907197
4.909393881043703
-22.69939098603835
12.29703682684016
-3.031732997501812
9.446726418546113
-31.79211453657534
-31.65232798160725
6.671481378447086
-2.058962723771185
5.194345585539219
10.8228738092436
26.3876583224308
21.2238530459265
-25.77056957472337
-14.86135521466115
14.23605957850906
31.69073233118892
13.00534169277653
-13.83576252357233
-18.71794384808432
19.18127253450946
19.20245818486452
1.789554867322245
20.88501736283606
17.92583906585075
-8.465892055592771
-19.18908194273854
24.27709784826398
-31.31389827803988
1.646542134312936
-0.5523029228718361
3.348335419090719
4.298295357120628
-29.90116843195126
24.71419393633056
-2.857909683224193
7.78896721892453
-19.12517677695074
18.90580985610613
0.8910089294072497
19.36700315269702
-25.43902490621327
10.35623119666893
30.36130501426526
25.83977032145606
-20.10819262435302
-8.450160951847705
-20.70110457823906
20.59052505208921
31.34351651914488
21.16498037910387
3.514279662414809
12.72261517101823
18.42230128430082
-27.66425397893266
-8.970817138912926
4.512525434237401
-0.927046224939955
11.34184315684381
-22.23110517557578
-1.061616421475734
21.6051080292121
22.20416021470901
2.633059052006145
4.180820677294187
21.4541806356703
-11.80120838630079
19.95554192084616
-10.85158581027025
-17.86790675112634
8.403189342822236
16.32372175419379
10.06647581533489
27.72231610256415
1.728575411228803
20.26457642152743
9.671870078417674
15.19301663158187
-3.045533409286669
27.94421966440111
4.40414153459749
22.36145658749681
-17.92351001023352
-23.46105233456284
-22.70297314922871
16.46568937086603
-22.56934895326162
0.7545792645630782
20.82330489829922
19.25140109720705
26.70174832221657
11.88496394428607
-1.904605534281005
26.12507691310812
-3.906297398640358
-10.79374538555018
5.031565802847147
-2.205392746777745
19.39515983190437
12.91681889831135
-11.38925432408859
24.27856458918351
28.57929055016898
2.122659873747707
-11.9236212918961
-4.476440726654314
-22.56492607568019
-5.863736670245051
26.8459892280027
-23.4964132802728
-22.73319024721084
5.732566354332736
12.55877713623119
10.82901776906248
-15.34428148121155
-6.767376059642982
3.334708094613867
-0.09278867318628911
24.88910235838523
6.590815635175658
-25.72691797617772
5.976172116155857
17.72234767192077
-28.37902230256475
-9.768354198405612
-3.69847364036556
2.876897609403835
24.37940447718585
17.72808576231364
-5.250515817066843
0.6377777506931631
-11.32977260577045
-2.999776038249341
-31.88577128138856
8.936102987126249
-23.86919248554679
-8.185261015226358
5.284160442335437
28.34270931051904
8.261149977433806
24.90088262732933
18.84943392264552
10.74548800822899
