14.1671006829252
-80.8894992329368
-53.06748926555635
-62.72798374699351
-79.08681174144763
-51.589404242074
-51.14031515680959
14.76066326880452
-50.96982432914305
-74.03758302013436
5.702440975914751
-88.86965889764276
-55.44959679928317
22.32327637584076
56.98359027816967
-86.09051711485972
43.10010693549272
-65.78608470434388
-12.57311703950723
-5.49125407589787
51.77668797442882
25.98707547312343
93.94506492640305
-23.72618877565788
-44.82657011042956
-80.95489330777671
-16.18563601881187
-58.92293009146364
14.47861614435951
-70.70051992823485
30.42806537566432
-5.264209463078594
73.73198844927865
10.75339869077336
2.249960140512484
22.22662567924726
56.954282746849
38.14042471159075
46.33500043743066
-34.07295955083708
7.278404303558521
90.48498343844936
70.74476851252317
-44.11831212351772
70.03909705360749
-39.59107669993204
-31.32146032890866
-9.701797412044362
45.71101604471021
91.30745685194852
62.22368135258539
-26.68683502768534
26.24313654176564
21.14922195083109
16.69177609887253
57.39973594068163
-9.057388452395386
7.91635658742786
27.8849180996182
6.558385934896606
77.59167509392122
46.94438103920368
79.57418235941354
-7.044711368317704
36.58759048138576
-65.84217005507377
-67.00360490923489
28.13713755148227
10.58367372680891
-23.86818546147638
99.89447858862232
-10.61934710834707
64.53680359583915
14.74811377021058
24.50526452515794
22.54025725093479
42.93631544962439
-84.49168504939719
-43.93714401805571
49.52915411459028
65.11037020748319
-4.800129345459307
-0.4577380545937671
-81.4509108354752
21.2728474696508
34.904998677432
56.01565836776912
87.80376621420734
49.13147105006931
-13.1043448640553
-77.92102205114662
60.36232055551996
3.149236210660781
26.03773511400886
-27.17553233913437
32.54462518407011
-36.16900931385761
45.63890303786092
33.05058721383536
-53.74928576472663
99.46872863460146
44.20021080090729
-87.12856814936242
-21.45958080985052
-17.92634542300206
-24.62676090700332
20.27518759973579
-50.64088535530007
-10.05896586903435
-67.95543215344408
-44.76990012662457
69.53842335594416
27.11548273703831
17.7935073577693
93.30793368283307
51.90257665193895
-21.45442684665506
-54.8512317349088
-45.6339316183244
-69.81346197853897
35.69310057084888
84.79843688104138
99.77386854192829
-27.52498742997362
11.64401521982448
82.37940872758494
-15.35118665576568
-44.41573966152293
-86.97076780032299
17.34474762684407
16.6880178823194
60.33120683164097
-48.99669743892696
-44.12970334281933
-41.13751184953524
-43.86633693725715
20.47819321533295
24.29317194866069
44.75686925980115
-74.5514856790921
-68.73529812908546
-55.83791558651205
65.11764449655443
58.64680041455761
-57.37271837712872
-73.01450297360772
-71.90619806027824
-35.25288227683394
30.77602677562561
64.42066405706494
-2.607521037648425
39.77306004993299
40.23263977411724
-64.31010573308519
99.5460141841307
78.85299708340411
78.57317086238481
-94.78767070226729
89.57271750262844
64.46685998037242
-29.29079341674475
76.38361779822122
-4.99702795293422
-21.1438473890012
-44.44938754805809
26.21412382860385
-72.82097120492213
-45.35376741160106
-15.77106504113065
-13.70331551506612
-44.37733468665718
53.13118222812726
8.743179539858641
68.163756751161
-33.62363914785725
6.191615731027154
72.53770980172025
7.929574230737887
80.39640668168862
-79.49606809046226
-32.10676347128468
-19.2175516427927
95.14120869177857
-19.86287695088455
-75.62412980727625
-58.87571116183772
21.99586388078436
5.28688433301448
50.46610955210983
2.080074647112224
4.695219024462665
55.02253173268596
-4.497720322812223
-23.56476933881391
-30.52670499568049
18.2842164639572
-41.88462851385921
-6.57960103937527
-32.28571344537138
-0.2746110460806658
-66.85048284621622
12.90117101298525
15.94349407355801
-12.63212106694873
-26.88789637186104
-10.66466634558909
-77.63246868129787
-53.3983571767046
70.31402669606575
-62.51810934932028
63.21733136938334
57.32347758871226
-39.34259715236391
-17.98457822942808
13.93608731769634
-78.01778000122098
0.05703319168494075
-52.53343081522765
-16.3708009085376
89.13234155090728
45.66143368687783
-31.87702464444445
-3.383845529322803
-76.31840426278119
-1.860900957756649
39.62061663868938
73.46038604837275
-55.77104640134358
60.56185083775819
62.5260768581899
-84.56679224778024
-62.02496832297872
64.87974771844439
73.78746647069624
41.54821761207339
2.986329556280237
0.1280703543323338
-59.36544158353038
23.74489161214093
34.84230744398772
-48.21190168445498
-38.07268272874053
52.286233027957
-36.30098615927096
-4.679337231335906
-90.3471958516336
-58.97541813262978
47.08014693290047
-25.07315149435055
13.24624419454434
-10.302388897078
-4.899677373131376
63.72906674177249
-92.85485734043097
95.49879269452045
36.19977940289004
98.04110721371356
-37.24866006861727
69.17912283659727
27.9925466130819
-52.24512134593274
65.79881926263934
26.51213474581125
-11.66157659399564
-67.68129935431207
-14.21781239667101
-11.8908629579197
-32.28204761803903
-34.32020581670599
14.16125680112945
-28.03052363227857
98.20573422382203
73.18615344898714
18.61974648926756
-30.34784107681247
89.52713113783261
45.20894358878679
83.78647479462977
-30.49151230892648
-10.11565067416596
-16.15201668008369
7.849683736619068
-62.47994196920978
65.47972352770313
-51.97240055390326
4.207720229749071
4.133037704798382
56.85555179586432
66.27893085968202
-10.29020337236116
57.26903088833354
33.15318347923844
-45.62943021344038
16.93709407252278
82.16548760234105
-90.15240289700243
-59.55907764488156
23.9474870824763
-32.21174352160136
-26.52174863751313
-98.42646000234566
0.2117827545250641
0.8583573290466859
51.32554169195428
-5.549683898065275
5.417674917317735
-25.6664636496397
1.198264726769101
2.816799064023733
-34.59406076560959
-86.46883004444486
54.20998861277096
-80.21417447635622
-45.77412637485689
66.42409047815197
-86.36032184646876
5.429588327912025
-43.03053466772744
13.11123276673901
20.88743267068031
94.09144157729962
52.81524913360494
27.96101824133895
59.92455524776194
7.07674238567165
-43.65632933038267
-83.87174965560327
-65.732907439456
-15.97602446748399
-7.724784031749407
14.97640741657356
-43.46802930909939
19.63142115551229
-63.50314424873064
85.48103955246584
-99.28482271287878
-18.67920357157335
-40.90890482066561
-50.23987661978745
-33.20209035908291
63.7137272114462
66.46132954105542
33.36683400628699
-1.841181074699298
-81.27705012746853
50.72276293209046
73.92135165192458
-79.62171182018565
93.78812625662346
-42.71407310124432
-3.28061453664517
52.9394442595955
42.8258989627375
4.138919457347778
32.0062338768929
56.52413918082257
0.6680088966091062
-8.636856354773984
95.90414582962046
-58.5806446580032
-71.72742974948302
-57.41625678053144
70.87388639258114
54.79196540954043
9.787056093223384
16.11777316790769
56.60441758597741
-6.208336556853373
42.89325637532821
19.81364895231277
75.29547640850386
65.46233231778153
54.79693896441403
50.44961613585386
-50.03482051955724
88.68291701301301
-64.17878604617276
96.66271149362512
-94.31075643721738
-31.51206028080668
25.76195941926495
49.26659023405669
93.97731982021001
16.40169933002307
-92.50651469805466
53.47692005664788
-40.7760104379681
-92.04780106975547
-45.69970210236707
53.09967896249299
32.11184019275783
-51.72758069012975
-61.1627564734315
-95.20207718472027
21.33623049079447
30.89024659118701
-80.42733791538261
-90.27558948026979
-89.49390673674262
-86.69105378389705
86.19235244040617
64.42976624615551
-14.88679167641302
-26.23381478497256
75.62636114479811
-23.6081299275234
33.98739950727519
-24.39857457839359
4.205567184194319
-20.58329048977109
-10.53542185615017
-67.91662840527147
87.67185225734167
-41.26150958406624
-72.17911517415695
9.693285981423822
-35.73345203917692
4.884448478599192
-73.72459105050501
46.9372833616495
68.10234651258844
-74.48219790016196
-94.06265909015141
-13.52226697095328
-94.45833766917761
-3.028559363149576
11.45400124523886
-86.89877864454022
-27.91797010432325
-79.68254636795785
-47.12865805491462
-19.02582296216797
-80.51470504194093
-22.75960705358014
-16.60329024341575
27.77373639728837
96.62099970143917
-67.92431497812605
69.96442940732284
-39.21327442177486
27.90759058947855
58.94969082280629
59.9246950033973
-75.66831273210188
-49.76658281808578
-3.056177862695955
82.47837449521414
-82.52225452484954
-97.93397788690064
46.65813128353186
6.163521860218919
-96.45276378857052
-38.85416614190167
29.24107194356209
78.45362206438838
-57.4185777388501
-20.00076698969425
46.25450906654694
62.69010365556733
85.43253365419497
-71.17223775284086
50.70073575329592
26.28685320943002
-50.30775163068909
-85.15083211928057
-69.45672469772086
78.35980572704221
32.77685599147656
-25.32146998625656
-13.88547236712855
-32.2841204097298
-34.29279922236363
43.95805301361116
18.80036348004013
21.14030097942311
37.32559629954566
-47.5830309493893
-41.82289350874699
-72.24352260998077
-53.63654656481047
-78.20889840654768
-49.59372109623425
62.58597558302034
-62.05014542598528
4.486568107792687
39.91229789053545
-74.2208889137212
-10.58115526838912
83.94739015531037
78.32774834491651
65.69818566938686
11.20988231057441
50.74402995091939
9.993593515416295
28.89484780439913
-40.80687582761573
41.92128069063241
-40.18745127884723
-86.90413905656109
-64.97790324791734
-6.480095569031088
-2.852557423792412
-62.14098029617758
23.52593159570822
-25.24484898350794
19.18423740052033
33.33958185848478
-7.80878889819369
12.35701970998629
-73.86136992316501
77.51758767471854
-53.35606122605413
28.67167423456429
66.85842897508553
78.67497912210753
-68.9416295900846
-44.50447003763383
98.91722336032304
36.39296798296252
-16.90475824967614
-45.74738392227523
37.65909917225249
-14.51167160572208
90.68379562646851
-32.54925441165238
-33.58046669132055
11.24129631266251
-17.00666779695591
63.03620234029054
-33.18071723021953
-66.72660163307826
-64.02136698887146
-35.58565807654859
-52.43963364695711
2.602180200200037
35.53663901520341
-51.16262652284212
-95.00507942551981
64.15193444683894
-5.52437872222789
-12.74440498880177
47.4239694190508
-28.9906906815856
17.71329432311025
61.2876644026429
60.76259920707208
-87.79576622296517
42.09561172595534
45.21697069735648
11.02161434680318
-62.64751773447269
47.05097035269733
51.30974133622082
-26.27919172979549
-67.38511849336687
6.870098863824614
-23.92826802705281
50.106332505999
39.08948452354146
52.15431308926484
-53.12252279597642
67.31324917439908
76.19770451354856
15.53475476533045
15.64180312572004
-19.18330299928564
96.50131104669563
-80.64448637924519
36.30742846429091
8.981799076148366
-68.89610536599251
-65.52697371734375
-13.53337100853398
53.39106310201899
79.5290282858082
-69.01366354211183
-50.6800618675075
-75.76757754728139
-65.9981123121907
-55.04370177518618
-15.8925157153272
-10.84955268708618
-62.5277104444135
-36.00353858254943
-22.8942061398855
-39.68844219827983
-22.34535674630184
-70.75065590330722
74.79125134271618
-74.21430679030007
22.17600681684228
39.84447889808251
53.20142646750581
25.10029252438861
72.1768851312183
-75.78854780224955
-60.92646013171472
-62.13595527240069
6.117607202346984
25.83303953981855
-81.54144598282888
-13.05985261535089
-9.389030552674877
96.63891947699966
22.43439661122897
-98.97487243086987
36.59308242962637
-55.71140783068576
44.45042128368637
93.91630601592534
19.18563892033889
8.616142737515958
-96.1418699651078
52.37866446647336
-61.15089192912313
-6.688861348656395
91.77429256502415
58.0584971072444
7.72655163757835
-19.51799372261335
-40.77172596846602
35.68096817187573
31.33595061714558
96.44260258583813
-58.93537851905744
-36.26712696673726
14.30980488198966
26.54651466007255
46.2099861163389
94.44642577710886
44.59981019075125
57.52702328644796
-29.35133631045123
-20.16501304305931
-95.46116439551841
46.05935662072926
76.11770924608291
-14.37071192025133
-92.12913672768806
4.253131004327405
-88.57621904221359
-14.94777563743583
-41.70273410817111
-21.01678702381456
12.95078111869966
49.94889222943581
-20.1063611311385
22.1693065369213
-23.90763550172199
-8.657745965120462
-53.15507033973999
26.11282205328486
44.20021108006768
-73.57129379923113
-46.81523396155404
3.035716863249317
-49.60723041671078
-26.32440348193994
-56.04907939047181
-33.68710575369881
-46.94011884249656
93.56822929977639
3.209599897986677
32.87731531758772
10.29658062005487
-87.87338481723002
34.12384289274505
2.5355648261867
-33.39127434983235
-90.580288658879
95.49335883897908
3.933193201120212
-94.55053273050162
42.91183101866991
14.01487593790278
-21.38030283678442
36.21113488151143
-45.98987018007708
25.16555661159529
-55.13682711847103
37.22806166965897
-17.69918799665878
-91.98240000796699
51.15382058281968
47.00504884028669
-38.63569653765797
76.31100618546077
-71.6026724845414
-59.61510549984776
-10.39246181360847
32.3562174242007
73.02225527850014
-28.19555779477464
-89.28413435015555
20.12628176149627
22.19415394906833
37.39106117471417
81.96555570369348
25.06163400272737
13.98080251636646
-58.2488113607631
-36.16501210898505
-91.04253390634206
-73.81465798619844
-29.27422042290701
4.555153753960874
-24.51616969603195
-25.87316403848926
44.13294014234619
-17.65965772333145
-10.1306126588876
-25.93093962195621
-44.9078690869633
62.86682765423816
-11.78702791872842
-15.14292588308392
52.72347598724247
-7.710838951698562
-84.71983174706487
-81.53248595411267
-44.90062730765891
80.45129070555703
21.08643874536886
65.79576308653762
-58.22729244572774
-83.69031841263711
37.31604407909155
96.55319008661422
57.62859501037564
31.93317519712672
63.68971498376279
27.35969411426493
37.93074692694508
-62.9038041956357
-60.05118423737868
-16.56449953472231
-83.07534897107445
88.13285881001914
95.55089322871288
20.01575187229934
-50.00623027714577
10.34350999113176
50.36086305396547
-41.12820562136383
89.47664429544501
-9.72050568129216
64.46188374799139
-44.05933048454585
69.3534452251609
-7.341404021207175
-5.570518736764971
55.04313580401241
40.51719766297918
-42.82545870964795
-14.85684440664868
49.25897512818424
-99.00426146680044
17.01898888454242
92.25522269943613
24.9767927382739
-95.42040088913333
36.68244981218726
-64.7588844375578
47.65707441538231
15.48915431324264
-83.73264206808008
-85.72885808495934
-43.77413091814816
-58.04611984414068
6.578022917501309
-6.173889367124666
-9.758203529553562
38.59046184078658
-64.54567552305926
76.04734004864663
58.85733544157129
-86.39079435395428
66.8304002979838
-13.471932094685
3.92626910374471
-80.35625198655522
17.82049504251036
-73.53584818884887
-9.447498331823091
-42.86599350568054
56.53579182193642
7.038709001195026
45.15007109439676
52.62758265386218
-74.39945751994578
-4.565479381678736
-62.7689978092216
96.89330619493559
-70.85641621814284
-4.979588827939145
76.82184244610423
-8.217192528443679
-8.195033443373303
-58.40248013019066
61.08901894478932
-11.87668191183096
-6.442407738142042
29.08942952720824
12.10383065201182
-93.39433580063505
76.98835522869693
-28.59498881937625
-93.03659420372408
-28.53470381979479
79.20956365668214
-53.53681713139638
-12.71205536678008
57.9995976428878
61.54217906069013
-64.57425429307186
-18.99557183343619
-57.67363899047382
19.86506856086386
82.43514665608646
47.69539974943728
25.26952162182025
-24.41776704699107
81.47872513391778
-91.40800053713474
-74.46537871424525
17.61993959447333
66.14732274641727
-0.5035456369313052
67.39321745914918
11.39166675308543
-20.21623005718212
36.27714636851111
-62.61635058224348
10.54748058564139
10.55816516195658
-46.103314636923
80.08747699848526
19.70600933088116
69.26133356483794
-11.82201342755963
-17.62389316090182
-95.24435455586136
-99.07155371365644
-90.54217703116947
34.38691741534833
-11.99980398378396
-89.47446526097893
74.42650009543934
-30.97080381888868
-56.24402837010904
12.72997276085823
21.41612517439247
-5.070164192733722
22.23647422474992
39.40537289951755
41.26568315585125
-1.047693307903314
21.19675160510732
-34.94690026168216
49.09523610183192
52.34785415098953
-18.09546400637443
62.35150942259439
67.10553734300071
10.74187419865737
96.38039980114243
39.14285300676394
-0.8913100271217744
58.62991646559749
85.96095818362495
32.08014140305981
16.67086035157471
80.3169855343308
1.885406074378156
3.545949638730703
38.09353586260838
-26.10161402961472
-75.00133138539329
61.86936090388697
-98.02178290448288
5.427848426348452
-44.65940725764228
79.24998503112178
-64.93807753953146
-60.3339051173927
61.42489608144331
40.44807809785055
-74.29109765217639
10.09141818773922
-3.467180129320424
-29.86310182361276
0.5214029104527684
-73.93654039902201
-35.24960474201358
-19.12485286092878
-59.99627850348293
-25.77980225165658
-91.54898954553833
76.49874787621081
-14.52685082472849
45.24748899075853
-83.5361716099552
-37.38036502507359
79.72949162179064
57.22774924858754
26.52720218088143
-85.56621236899178
-90.09850850402621
7.928106232347965
14.18241835394711
79.9837856635787
-86.94858680722047
-7.981379084688251
74.53354356074907
-98.18543402340336
-88.74133532342402
51.21035567413508
-5.096904485290166
-11.91574796022295
36.37806853999794
-72.86390300612965
-37.35445030196142
57.70926797350698
67.77204719916857
-24.34249951924146
49.75014933430025
-14.97019924026635
-89.11486240034755
83.83883450450247
-90.11888150661032
-38.36571091794643
41.20239512861568
6.621321463753127
74.84828830546053
-63.28237034419782
2.469038242037621
-35.91290834496548
-57.71907898110198
76.29429486559502
83.06656977394236
-32.1989932802318
59.75068885113212
-58.02144486575057
-23.95278254728371
-79.66054469988862
2.028465186973565
-61.65404142080897
-12.99366406360111
-39.39725877101287
-66.4884206712933
-1.055383249200411
67.88673154260884
57.1128352702825
-83.60262043234526
-90.87748101803287
-13.03647765621614
68.92705276065088
-25.5265503687991
-51.56157127639946
37.11180359496362
-64.75584218323306
-84.37168498522949
17.81431901724207
77.02719762934461
79.73596095559404
52.13714760468676
-56.34574981028725
0.8827967839083097
34.13558528550605
98.57573940220003
52.76646975296016
-25.93167015560916
26.26841963359773
2.025689830278782
73.34714359220914
55.91313787254559
-13.33054544258731
-69.99104304891183
-81.35784704817162
76.17717646018869
-27.13084995951723
-24.03407898410022
-86.23778783784242
99.25373744682294
-88.68646146291447
-19.98117180706382
-76.09614815651584
10.91518202293586
19.29254241736963
-94.65298384836784
1.280801598338433
-31.8973645702744
27.61128491956642
73.75628033018403
14.46698938799944
21.86461154464633
-34.43868919576884
-29.03706382382478
11.8987156994032
-95.24459551055034
