-51.3975655175243
-87.93062904431061
-15.75700286408042
89.50664227955316
74.81010293070182
-1.935347092728435
-28.87055514462624
14.83891676579205
-10.06186054991958
16.64752011157228
-1.525829403293671
81.8318561203828
86.42462699289175
-61.02316642584674
67.06482149768374
-63.78615536566941
-22.94226827631496
14.98922408741714
1.005304756286131
-54.11885525390589
-45.43276892811519
-36.67930519309955
-7.406382191127616
-9.848250261267449
75.8493107940059
54.36604467725733
44.35533705936633
-81.0395036977544
59.10438924789068
80.82742815370916
-14.24264912792885
-99.74682029315419
24.52837454150403
24.92918906207688
-35.96731103489763
-61.21931626888622
30.53737452462583
59.25563183895222
-16.94340770246436
37.02879238208967
67.7187703218442
56.33785262127559
8.925434904303648
82.98491313275275
24.61483809145322
21.76053726838241
5.413252953563083
17.11804818652039
-51.78593828585895
-35.93159922496159
61.38436404924968
33.20777376310634
94.40263142341327
-76.39236283571726
-39.51626226692341
50.61807775082692
91.64467857231254
68.95952898598458
-87.407314397432
25.37512774437973
62.97883905564811
86.74232916671929
-64.17723057138593
26.26980168415998
-88.57218835501286
15.60791941302898
74.76059437109105
-58.96920304807401
-67.2001044732981
8.842946521047942
-43.12492827740095
23.71559177074743
-2.258219903802025
11.76439340312402
72.30417887281931
39.66351656706689
90.11873165383675
7.778142028896504
-89.22173111534406
10.93311399443822
6.730158658888534
32.05626332333563
70.1702773751029
-37.79257331032552
53.05071672024643
19.60645844905965
87.43749749307513
-99.69755503890893
21.74411897177466
50.23317277619298
-76.86451801381138
-33.01895585693187
-60.9350207556781
58.52720803049068
-13.6504155589553
-93.4111162592348
49.66203681395341
-75.36641711755041
-47.60202816145294
-40.04988895673096
96.74272209313038
-78.84984107671139
-63.82579936898427
-56.16153929007822
-70.77048211476541
42.47583082177069
-73.06637121659135
-9.214248100308247
-45.73586381178391
-40.25413366511665
-24.1829051905715
11.89671392518903
-92.54584398890901
-18.57288832278224
69.87260223902948
19.95656256537533
-10.70111452119554
-79.30056642045398
42.13251204799354
-50.79188229541703
2.668019895565674
84.11809259482754
16.80448259082035
-67.15351089436301
69.68587383744361
8.587379260375434
-4.525176147043927
79.85298033335513
-7.542848179393611
81.27976180056545
69.53826158873986
32.94413250302016
12.26024258794238
-97.34985898733241
-86.05512472934443
59.49345170839296
-69.75599839587537
-45.64676470811492
-76.70407842193946
-94.73453879175248
-92.67300094370991
84.55183816722976
-3.922100302467913
41.17773719106378
-2.175256700338904
-44.87001896924421
59.57912995963915
-14.86391727163385
85.2580385632196
-81.2130845826989
-23.53296201050082
-85.11730185089118
-85.01889681881936
-93.952848390386
-98.75535936869272
-2.83469825117473
-61.27615073535517
7.635274241603879
59.58473365548578
-62.54279629724303
-55.33828086126329
-58.69045147547328
-88.96853657278673
18.69342800518528
-24.92255710863972
-55.55824448126522
-73.06410817820206
-49.84914879762486
51.30152617597584
-0.1694362923939254
84.86355590881637
-87.0136468648837
31.62139894922043
35.46427444588846
-68.19212421116512
86.18227064090634
15.10482863474184
49.22446540042531
13.36857082191998
5.898052892375486
-58.72050322708814
58.26506824304637
-53.71348108958106
-53.93201360253303
-9.018650618725935
-20.59522212129862
-34.81070725717151
6.179189914586178
41.42627269973604
-61.31972592342331
-14.77162986645666
-20.78291669990991
-6.517899629782351
10.44608885603082
-39.79292662918259
94.27187379010242
-70.57436956649646
-93.05560205798696
87.81356202635048
69.71670674902724
47.83070247230874
20.8856093498509
-16.73262012618914
53.28555842898848
77.36364409224061
-10.75592543496795
-78.84721630907838
-8.457055730482836
81.76487806388926
-77.24324998798909
70.97623651043141
-2.608068040290056
30.34770723376425
21.0967874275796
-4.357377847798682
-67.6916824533553
12.06688731136142
-66.82684342483438
76.09354153818543
-20.82681201240117
40.05051789125489
-70.30217200573684
-4.424623536027065
-33.14738987943552
37.17045490513033
-77.00933073632127
-48.73323450929601
64.47028153825509
86.72150637968211
-21.73228160893206
31.65496874698507
8.943145909765176
-58.66487210567995
-60.39873795542687
-4.531087679728972
29.16057169254997
-33.7050788637474
-65.6028826461723
-46.93120306033527
-18.44793049174935
55.76200607744322
59.49729515901114
-33.82329297437907
12.91329147994842
45.41295667781821
-11.39882271410648
-94.79343685430054
-59.81076661267255
-67.31941019440538
-25.13898948606589
69.65541736019055
75.46662968912274
23.27976795232763
-53.69418855965284
1.779610548467308
-77.91106531893543
-51.52989088950153
29.45574272192806
-83.18307711653091
-83.02874612813432
-14.13116302494262
-25.4469124684453
89.80448239940266
99.89893526462428
-37.47812570101242
-22.0791700948901
-0.5580211402153994
-26.41498739227031
20.69148529358518
57.73719794346658
25.44243268790403
40.36579493060389
3.451274757331929
-47.1004836462507
-11.41725971553645
16.24440651305013
-23.08119740463998
-85.82483632516684
-83.42573688280621
-0.8527006224988241
58.97468484462166
-55.36679043392538
88.02586994487595
-42.45366282683906
83.85014934544822
-60.73839248466461
10.90067523888842
-28.08180562028127
20.82178585499372
-71.05399439715977
-44.89860670259267
-97.48726519219434
68.57214577777667
-25.85270945953839
28.29337561295399
-23.22722038039557
31.23190751031647
-79.53043878781122
26.55629252643122
-54.9365646808887
18.20360978944478
62.50737299871443
84.81267527615236
3.351447882543841
-98.12882897141385
53.82798641922309
8.918646704961429
29.57659728574762
-18.05732966661258
-0.9563202656671256
-17.95030987816439
90.63886601058438
65.45636333276707
-19.90273272756906
-69.11730026371225
-55.18462911978327
16.05481213938437
-51.74680965470127
88.87472925348349
-70.74742395300659
2.515470858095761
34.1157028944172
65.51363294081057
5.229596607061936
92.89815414959949
-84.53077099255778
46.9223456215715
-16.62194590446623
31.17147713086952
50.83425187545798
40.91129235777836
-79.01895672036174
40.03295053934552
7.884838470771943
-5.216694605622331
-88.68737519843719
95.79910949608383
-6.57981612679107
-46.29812640081191
85.24582658975784
63.2296795710354
11.68697625967873
99.78929686650933
-7.550331720034485
-87.71126706217385
20.48789219338491
-60.61304030620177
37.79688734628594
-68.57768729826435
41.59938098936301
73.94597868712613
-37.0054094510193
0.6059880654758549
-16.23848422050834
24.95068950479568
-27.96995418312693
-65.94076864593103
-1.07466261377046
8.28149900188178
6.186307314827366
99.05255567450715
34.92011879786791
22.64428735817141
-13.98609873523361
-3.485650015391887
-76.61945305999069
5.130095829679914
24.14350622623811
81.73520714525033
-40.76930952968478
-70.16678816282035
25.7639729910038
-44.48875078929294
23.93338678529233
-48.08270275184962
81.62876707430772
55.56345944724679
-65.80006440578514
-41.55206736193793
2.003624842543092
-3.559510604671365
-22.81882020294203
-71.42296100593842
-33.29560601516499
-82.75960940890829
32.03500893891685
0.7913537539055802
77.28251431503847
-91.47450545167129
94.68004804874811
18.81009267890552
78.99569749316359
46.09211710954691
84.95987054397897
72.25457560360537
69.604740901216
68.20599349328185
-42.03753289648483
85.69323583812887
30.15255779310761
-47.60922093924118
-48.25234478625035
-32.56106624421007
-24.55263637888325
98.29856059643559
-45.12583097434907
14.64891050781303
34.65690451487379
-41.22747665956829
67.09858900322153
-61.75678465781407
-62.75741689737085
-28.67246472441004
-51.52484608614581
-88.81597522376046
92.38721885916779
-81.42344274907369
57.42182606982863
23.04354606766492
-59.03693219657021
26.19027212414683
-33.37732067966596
-19.70593733839666
55.14906803680715
-18.72036014683455
-31.19825377623259
94.99533815974772
64.66815188290722
-10.89976919310402
-59.6970453393626
25.902835890086
96.22505857426059
-67.74848427180635
37.32799727042102
-80.98398422112568
24.71197412685744
27.83346157604242
18.91931980743044
21.31924623415431
71.11292352671472
-46.72750259308715
22.599678521886
74.15371127934048
47.07030922216786
0.946482007132729
38.03796459639187
-12.31469198287586
76.42181016455206
-44.68725702343217
26.57386123062377
72.6342719964543
0.1760973101165992
-70.90000070678414
60.80268406863526
-15.17769864117648
-57.24541786198367
-13.68241741158227
98.46296435052625
-78.73948345752503
-44.20058181896749
38.11272007019489
-19.82639775268102
-76.51216043127748
-36.53689989345269
-66.43219694433063
9.42930949087434
38.48030654631577
-49.60859027561821
51.0199434623725
-51.51061654300144
13.53061558453977
-17.08269680269905
-54.54544929108882
48.49880242569261
43.78862974743548
-61.51345171221663
-53.47734594602607
-55.20415244346106
-13.92123509887272
-10.62446523389507
56.49305662013943
-60.80590713891461
14.17646840643748
-27.95618192983916
-0.9466303165378258
-13.06158500351654
-87.29861221573209
-71.26606045243339
77.36459107594546
95.60221784714933
48.3229106114612
-73.66651308431716
27.12056185409369
77.02634525924664
21.9262212746424
32.78539542172215
-67.11096833257497
-15.46608860308866
26.77919367731121
12.79378130035038
-31.64777201647819
78.10065954530747
66.70573975242783
-87.2552112131804
-38.22071893424637
32.55101755429969
-64.3472382036709
-75.02536962216587
-63.3444560100233
-6.69416355543879
-95.16092883900849
96.07711425714812
-96.96446717328038
34.86975685561806
-64.32399045760316
45.53707631306764
3.812767635952503
95.5596353824964
-38.46387822133347
33.52417784470607
23.03349927934059
13.44400994613432
20.7808088717192
41.49666484245506
-12.28015593376532
-5.108198442320556
-25.25240735192618
67.21438405301234
-28.5419703774483
-71.2775055406715
-23.69826636176522
81.51450278867911
-67.79847529350789
70.12747215888709
-51.54282089892975
33.98587144150724
78.45019647444154
15.88702118246496
76.65243558666283
21.97587333511729
-4.503265292578354
8.820203112964624
-27.94218499831266
82.35530319082943
-61.08637904205602
-82.36087253455392
35.84545375218648
-93.20323104801113
-1.813644308203194
58.89447593922734
-43.99916581312257
-37.5744509988165
47.51813722752827
-30.51781661402098
-78.9146311601215
-67.79988321920047
-46.07766182004119
5.705234530595568
49.46775126513759
-52.46107134905048
-19.72749239726698
37.26471328640292
-21.92110347158168
-3.170105887013679
0.4398733144654061
-76.7379580461071
93.09858429570123
29.10648098055872
17.76082210758415
-69.21265211929716
-67.19807472403345
74.57614859140492
36.50725446650038
47.82079836480917
-61.37734043641812
65.24836370645963
-90.67890233664681
-70.23619040463619
-97.73068106153032
11.87665870033968
51.30419113032018
-56.65836453067424
80.06445214186884
-1.901669562873106
-21.65094634147651
-23.27006592412426
-71.93295125848233
44.21762010511289
38.51429031202276
65.15251606195227
98.98540704154556
-65.12900031986032
-32.8782201317084
-30.30512410982828
30.63156074537817
68.77639948935496
26.11488204677024
14.80156817941492
16.42330923899888
-37.35152981042158
46.27534154154968
31.20641531795427
-60.73982773572093
-39.2488450283272
-36.79382715716654
1.338779983197809
46.43281495365447
-22.02048016687586
-19.16018820674051
27.59746534609924
14.20670313861833
-65.12863666079298
-51.00973989915194
28.26014330369001
-10.9551919550492
91.86234092334813
16.56719385500553
-52.69571523597553
-38.60639042558132
24.74108101417868
0.3261612558578681
-10.65637888924969
88.50493421393162
-37.54491018271968
7.014598813400294
38.61460109692992
67.08145320390994
72.23635635056843
-40.43345151692719
84.88732451170591
-55.8961125672993
-68.44238616879569
-27.20339110292974
22.00157408599969
25.32495627366162
-83.86923231157688
-10.74118295904178
-80.26410271089493
-49.45807238451363
-54.57897369953741
-12.726698681988
1.829713456445733
-54.69173358698482
3.015275392832699
-64.39328919488415
30.93899946033893
-3.984319265919721
37.32767297134656
9.914389162377754
27.96835284037494
-16.6463985703305
3.982870164336354
82.03964365485564
76.19482951887025
55.95725536383432
8.957096354873709
59.92212789667968
-70.85819662351538
60.70740075077663
-93.10962368758339
7.053349478079002
-55.63596424290331
8.246059385376707
48.6104035236814
19.02068511530441
-30.24730380613007
-83.84462066754629
-62.16988410968251
86.92564562502972
-16.10169517160648
1.133009502926083
-91.46876240349225
2.220946297817747
78.35574161545938
-46.72820780232937
56.93272334093515
83.74716888017215
-51.38642943592268
-97.40134480727978
-23.66555138820982
4.900107364528057
-3.778259187894657
-48.36629483913912
44.82752744862125
-51.08304818024719
56.00265227555195
-70.41194728189988
13.94259935364178
29.12411204313093
58.26339863452715
5.723098893514409
4.822428325390603
35.95764072673339
13.91912238441239
43.60131112273372
-8.653450668365483
-35.37742663381943
-15.99024467731267
31.17500196665351
-78.21560410869893
26.71474358308144
24.62354192619593
-53.907146646264
-0.3887932846298073
-12.19519760295087
80.82115396282728
-69.90784684497874
-97.43152398346032
-22.62283769575371
-34.97693257251107
-66.8706640663714
-94.96722113713201
-78.31058694595899
-3.755947919144251
-68.52994829323529
-29.37043868752417
43.20181455930058
-6.820402891252122
14.18838202375493
-50.32609261986551
84.1818845929985
80.86074602400458
75.21942802654338
42.44392073420472
-35.11064349425863
40.17358157398856
-87.85416088004845
-30.19280429686614
29.53764720806876
-24.49296598973252
73.86661016378159
63.79271286288157
18.67768226469469
-15.85695657997439
43.34577993920073
-18.592706285792
-31.27964441512625
21.49851537505923
73.37083893042417
86.62811921928373
-78.86029168826826
49.02208673327175
25.43787637544929
-74.54555207498167
-76.72501031755068
9.542852167096001
44.38709926630681
-99.10860832221896
77.45769463451518
-65.03771088453344
-29.86896047792196
83.59273079560042
93.23503791544822
-96.6665700085462
-31.25273659698529
49.4503332107166
39.49550547747417
-99.36095391871463
-40.71967956346363
25.32732315664536
-73.01111847958882
11.37679585789024
4.480124979772892
-29.03112351527945
48.47043944644077
70.48782496010368
2.275599547990516
-78.72204370774861
-69.5302694745874
-40.02926320374529
65.14310162824059
51.69046450901467
-31.09649602608333
-45.32067580632012
-35.00471134295756
-64.14042964122029
94.30961590413703
-98.98456366962721
-5.175152151166845
-27.4068300303514
-53.1640882742828
26.45471352186587
84.69608858941687
-69.01460555098929
-10.09295541126485
-81.88874206187084
-82.87504451215287
-48.86462591421583
-33.33372013124258
-73.29722779945936
25.72152600043374
-43.07175839128297
62.87456234292709
-32.69519323383346
68.24333352912983
93.80457934549449
38.3904159745174
-4.151255393151885
64.85679517238539
-32.32954578143219
-42.54776958163654
90.36010314554832
-51.96509583583375
-69.60177620344056
94.63756385644528
-38.89956809134259
96.54491428805977
22.88150452454815
-5.505987060017309
76.8328248543165
-86.57875797796862
-35.66077048512729
-94.41293565337378
14.86939231263902
-68.50296654176591
86.95910588026914
93.58423765616408
17.82430543456996
89.14304925719844
22.89053458257019
-48.98799695470876
-92.04859840146602
-46.23812258865122
26.97966114215673
-56.05290977948911
-8.082135973828795
-77.11177423006855
64.12098256981415
29.73984480740388
15.30265703760715
77.05227801122852
-48.54266711456854
-90.73591056211178
20.23907287362822
-19.16247101310694
70.18470892065586
-49.71322446571314
48.28258698020159
90.80254606085492
-62.16843376200109
-21.19425293387975
42.95834449254526
62.56278230097783
7.208683455300152
-50.76552544754387
-28.42913556349264
74.64494776573791
65.9633454562989
-79.04138903293617
-82.94018627828338
49.88787504209951
-20.48312569598243
33.09909038518149
-27.83133210989177
40.44788654999174
67.21604798830371
-18.10101424711632
-56.58426599857759
61.51031102422944
-14.03149201326884
88.58643781532074
-57.07138295623405
-5.310547765667369
22.68426309393102
-9.654108460739975
19.64214843932689
-23.47323158406161
-38.94328235848722
-15.72812271059893
94.80578966301442
62.79638105506814
49.85422649790225
41.07065961575518
-83.64713370902298
80.7944256964055
69.22229251751617
-7.900826201453651
-48.51042806801136
65.65205738444467
-37.07579532501428
-64.36968385840713
-21.00025488796615
-17.82454106833183
-3.738993749606907
98.92041562217943
-89.36477296843772
50.13781410197974
45.2730986832256
21.96958188879193
82.3327559200409
68.38621965479224
-89.52619858555136
-19.34844798658782
53.01206128072119
31.34763058936626
-28.82119698907295
-7.812161932170659
-60.54233661763507
-74.84887887835015
-67.92774242136873
84.78146687515739
-25.50007462859164
-75.65592222402306
-85.02025976364013
-48.77776215969087
-42.12948610885915
-48.35788991733942
-0.138754477240255
-15.79475267491416
-25.51055066441002
12.74114614844778
28.64796832793142
63.52745361744927
16.0497473430019
60.21349408484193
-12.45646773811017
70.41682178445767
-66.34527678130378
-5.541568094752283
92.30469763808281
-33.67365065956416
56.49446168636859
50.63345909903627
-28.53146636297793
-82.68137478031333
-57.9434762785211
31.65385277916625
-27.1721951924649
-39.81869354376742
44.44075755511597
44.3351529652881
-13.09592852228852
73.37997153711957
-14.36514708431353
-52.22330407324879
-65.72749354852881
-95.22884580408952
15.86594605985671
-14.17985836126408
26.0184361751453
41.23666332052908
81.14092971058157
-98.66136748688338
60.16465373700396
24.52105560312486
16.85144757653103
-8.726671603046656
-99.70572258601825
17.41937570724556
34.98958241341371
30.71268304249271
25.35419821268427
-95.45476217533388
-37.53887138043464
-79.514163741758
64.76398279324049
-5.010200244992448
-40.60952870076733
-56.87287490871681
-2.881136200494345
56.0094873078591
-23.25041693639992
8.213816681430028
90.55207164287923
13.91382302609364
-57.00746668547175
-37.91414316771342
93.38999933241095
-98.40976752280692
22.27286548398415
60.93955402313168
7.662659611887681
-6.706826534262386
56.35517466777203
-31.42109406313815
91.19682429233229
19.37909818052866
2.626788369728602
10.28913917358487
20.89914677643183
-85.77356238684501
23.95066137331786
-42.28912367697079
-41.60636424442612
-69.12709173173882
34.73834297045215
21.66226044918056
22.11465777532094
-26.32154977006204
83.36355075771516
-24.62032086396909
-51.70965011899828
-61.11182015767093
73.510468504557
5.769260879977933
16.42812007370122
-5.040392914015565
78.81376987191491
76.48177219062791
12.32574724201002
