-2.244014454424922
-4.671730627089304
-1.672363603191831
-3.352859712295496
3.649634849806987
0.1178858631347302
-0.02363837043184082
-0.1078857534936616
-1.572318695023635
1.94542794440642
2.910827681498774
1.061684300235972
3.281122545022506
-3.456890758630434
-3.34963455800916
3.274661438587241
-1.835041259466203
2.150083504232076
-2.448158404620617
-1.23836145224445
0.824543588462691
1.27877353576391
2.958223274205421
-2.346692444351504
-1.511679617872328
3.628776044778009
-0.6253416145233314
-3.838627158137334
-3.96230639490033
3.134801280924138
1.126649823874773
-2.474313152713422
-2.302744505069728
-3.168560592611069
2.35733810722241
-2.200973743427154
-2.726821381508386
-1.595900079020079
2.180502275122528
0.7402104850442812
-2.711041707461134
0.3645573994415406
-4.464989628806816
-0.5811580698676478
-3.665836290432525
-2.059304116255944
1.062268304914686
0.8361224257709763
1.092854901632743
-1.561538652743039
2.85517147442556
2.24438137848509
0.1523894649165838
1.577973158832951
4.375547857091815
3.302141018996241
-2.414634526861628
-2.674291311740344
0.3557495712642418
4.663736918184694
-1.532462456170932
-3.942364150013553
-0.3450379797668027
2.48514240197579
0.6050407808216125
-0.1252300861686204
-3.979794045406795
3.168949844700567
-4.823502211424811
-2.851931220682342
-1.844493670843751
1.875319503393214
-3.605530068491263
2.380779158073597
-0.6289517415182428
3.856272060476267
-3.126042198823049
-2.02335544937051
-0.2410695164789668
-4.865484450533741
3.334932897090058
3.972827001428336
3.926286969996196
-2.944185204480286
0.3343109153420278
1.374742032844374
0.6820641092875052
4.447130034192663
0.4806255201803502
-1.624382915237527
2.763530200528356
0.8023867856444258
1.036525679261509
-1.258479333896351
-0.09544965414692345
-2.698531451774435
-2.910733156166297
1.663911975061053
1.311227767496143
-1.384792443448887
2.633337248511342
-2.251778122539752
2.62609592260333
0.7130692598199466
-2.299386793140974
3.08014058186407
1.493352978178546
4.517567379261906
-4.696913180690322
4.034144827606587
-2.30746976778163
-4.996135273292748
-4.321317254405923
1.749591011139994
-0.6430259802506453
0.2771531527510039
-1.714471496684398
-0.9518764306636479
2.41323294483786
2.103930724756818
0.9561577257208838
4.804972693155135
1.439546859290991
-1.257992773885244
0.4232967779209584
-4.888917973851417
-1.65866029775008
3.077221472558572
-3.500608293519691
1.714213595465817
-0.2147392367932526
3.256879359077228
-1.549678843342012
-0.4492093972108249
-2.570119773201674
-4.385364960874464
-2.619981796289786
0.4252424610380159
-2.050965922180067
-0.8758266085224166
2.72703629070925
4.480129420336218
-1.429971124011222
1.65725685937907
0.9028523362682966
-2.058684829177527
-1.698513955048961
1.474134316790632
3.064911751846913
3.142103790319415
-0.3495066790965332
-4.484248322047772
-1.709319654985924
4.648446923494008
3.59628092883444
-2.613343244871843
-4.2047500735749
1.154361178847479
1.125876673604338
2.266406590429882
-4.593984323105145
4.529589162859327
-2.477580926632327
-1.880336797676104
3.40977742154124
3.813201485435326
0.7244567378910307
2.423998454447873
0.2921699674147502
2.317008719132549
1.067982834940842
-3.063134683630491
-0.2583426877753513
1.761314584097448
-4.350524401700298
-0.9644417661648657
1.746401543637998
4.929279911494482
0.6553024156439956
2.9140578685456
3.790195175777705
-3.259720129306314
-4.921510137821569
2.857753729178496
-3.922465377374925
0.5182815405846432
-0.2751383517062028
-0.02852085150043818
-2.298885019407547
-4.756929116832173
0.4876546719765803
-4.977672249317392
-0.03458426092044804
-3.689914867642166
-3.573048982843869
1.619528535906719
1.046398645105399
1.081713789961072
1.157878716780666
4.120698361479968
2.574501409735912
-4.264173665350322
0.2663057310264463
2.141366009578122
3.911981953285908
0.7356219026677401
2.056883505555728
-3.336027781868157
4.256395307582319
0.180704721093685
3.940227458404833
0.04681274316347118
-4.431684279153665
2.659141369087527
1.643521641346928
-0.3752155891665105
1.280013996519928
1.614570812693576
1.679565843637491
4.510757787263506
-2.621058875788143
4.702471730914484
2.704548166243366
2.013249884944874
-1.366783443568366
-2.150356768361429
2.548646626289053
-0.8452478693983942
-4.059374714143686
-1.309890262537934
0.7055018203328474
3.540039014416476
-3.822816074416269
-2.482122400962806
2.05885890211764
-0.1782383619227318
0.359668112335284
-4.217213839279786
2.971329897057038
1.417015588684631
2.716662030185143
0.4447729749432399
0.4490925926464172
-0.07881901467913838
-2.31311226000831
-3.747985857483984
-1.520470074555126
-0.7393722125405582
1.254298538553987
3.628092486080849
3.059003183471919
1.205733815387117
-1.025846610159867
0.7367034702910781
0.08688084205323529
-0.4020027234402503
0.5882081634779164
3.903332839099188
-3.536134176589627
-3.991096379137763
-3.666446264169955
0.1291969821446856
-4.587567824912797
-3.44953622005549
-3.857792999755207
-1.831178872243275
0.3049750522288529
-1.210101520391833
4.936091382458157
2.147380749020625
-1.379540501736257
-3.176549655931958
3.282767391109553
1.760083027186559
-1.355672181052412
2.990998840839662
4.084035122901351
2.099361421007797
-0.8670269613214445
1.797542763865869
-0.1805787324923567
3.257564326999915
2.616849197817454
4.328306611039597
-1.028367291090085
4.925032610108321
2.383885653820527
0.4385086636834969
4.435792705920718
0.7093238236001214
-4.413777739653769
-4.191695220361987
0.6775924686674504
-3.012593338083611
-0.6824349830656276
1.028040497543802
2.233038288885699
-3.273614255942086
-3.885386528749147
-0.7981649900343402
-4.04630081796697
2.323362284771204
4.928906496771935
4.580983312413996
1.073581580863844
-1.33803611319542
-1.222453321161233
1.631479708046196
-3.952910312889528
-0.7281791267615391
-3.17179718238726
-3.967285613854877
3.780031468249504
-0.03863443258478114
-2.563326180021532
0.2876721796497856
-2.798264017395267
1.88887546955732
1.172759603429942
-2.392429667245562
-1.991850549962038
4.131349802454841
-4.996332934167784
-0.7546866311865306
-4.052195506524788
-0.969256645559467
2.48090602268569
0.211825750425666
-0.7642963275271425
0.1090363878912544
-0.0362554809813545
0.9818949435231492
-4.03913001927095
-1.74897650078182
0.8004500485137171
3.957890243725687
-0.09889356263287026
1.000257730270884
-1.253099780218924
-0.5690836975600568
3.003088693835572
-0.9570556712420439
4.35421597869614
-1.982270943982629
1.663079766844753
3.844121454266355
0.6686324121820254
-3.09805896505773
0.7918386922791089
4.346750883674952
-4.08294757381952
0.97073595939887
-2.840327405556759
-1.409516004418714
3.819128193464439
-2.266960442604976
4.840225553837548
0.1318951271286578
2.18366762407101
0.9876839064578556
-0.5450317069507593
-1.177765324153442
-4.085073760770201
1.809304908889524
4.509871504806141
-4.109225024477779
-1.648455988680598
-2.386253365057434
-1.534491427546011
-1.010752873515965
-4.032672744823797
2.559511221993204
0.325612785984741
-1.092849012852626
-1.722072502874257
4.427897712302866
1.736492406865277
-4.728119609952302
-3.622176210330799
-1.992017555050385
-4.107818870606078
0.9161562744969926
1.729992837560172
3.983191559818454
-2.362848465248652
4.068199800447664
3.603488001927611
1.175648557990722
-2.839628769778411
2.523416303114221
0.7252470850086646
-0.5196387240005433
-0.03970422933094308
-4.303212996531503
2.446059101112622
-2.890493835315329
-2.184306398984455
4.254628320087743
4.364307851321575
4.815628967899601
2.399074206457503
-3.9312446117808
-1.324825353962749
-4.437401809776237
-1.387513768706064
2.937504851939505
3.575743781958169
2.367022939775329
4.567698752821403
-3.603187336758053
0.1328807971492817
-1.748073751535717
1.770345801013272
2.300895033992424
2.068797086548605
2.294368128407315
-4.365826717750148
0.5793182015788351
-4.194425304410417
1.860506721876009
-2.501006651101271
-0.140357593103427
1.731085265920092
-4.355664812727851
-4.688430003817156
-3.720357212936199
4.38996018199678
1.379428503084848
0.1155995499791279
1.255254922000996
1.293692410398076
2.395873181701653
2.859825172907944
-0.225826670768309
-4.935248802576525
0.03257349837961391
1.752682948115428
-0.9378296962487631
4.111191575157268
2.728400464682393
3.890296531623623
2.00379057534528
-3.020215019527371
-3.318264528665842
1.556973252535215
0.9878907699790032
-2.267322772020507
-2.401646528075779
-4.472202690776393
1.620903094339782
0.3836863356471171
-1.901112041343501
0.6767873707130896
-0.8155311121833324
-0.8734384999013181
3.707569577130798
-0.2757148230648559
4.095074239897126
0.2044081804008532
-0.8938825987530987
2.362807040250074
4.765062139543534
-0.262911443719811
0.7417824794350246
-0.1913069798363955
-1.979159456773247
0.1152639072878442
-3.162052799566808
-0.8616973175809364
3.412164961456703
1.586300254540175
0.9509936644094366
0.1021861346762689
-2.890485963871657
-0.7215831129763672
-1.090795413889813
-0.1670081787844777
-4.014911009216626
3.336943515668214
1.230357217919512
0.2717316352148786
-1.840266633286076
4.803319581844299
0.04382583279164468
3.25914585478374
-0.4235662069539289
-4.667794682519778
-3.24995738908017
-1.451129521024447
3.628564067419249
3.479742099884875
-3.482934608244092
1.335282035843601
-1.742402511129014
-0.6364132638514975
1.037764493110339
-0.1740143326822368
-3.511012422852742
3.539046579343517
-3.411771767355499
-3.700469744871287
-2.751324700430265
-3.375529758289324
3.856450342090266
-2.502788708029961
-2.284313257174718
2.922811902167121
3.866447723859402
-3.428574658159786
-1.391225494633651
2.815081479157609
-3.434115399599631
2.655777110846352
-3.893060296995838
0.6311410803039934
2.759308799083311
2.290309436626261
2.965333846296134
-2.200883566487823
2.289416406173986
4.766118289575916
2.34271716422405
-0.04268808456967954
-2.417066960683589
-0.5933784564257408
-0.5023888154042508
-3.302346684270414
-3.685662960094288
2.251054506136648
3.707329940779606
-0.737188227874821
4.16508880254559
3.990092111695639
2.927777169015273
1.719642879927637
-0.2845570643090483
-2.961995121669141
-4.306766676568224
-4.343858508918387
0.7185701703460023
2.704241557717031
-2.51978352647046
2.526422787209183
1.375783916868015
-4.19226687813251
4.533883417177939
-1.511446689945473
-3.380345699292912
4.122346540317367
4.412470226887909
1.657726235234067
3.060912234424371
-2.402900157590414
0.2331368462125429
3.655896327165396
-0.007475935417340844
-0.799308456226838
1.524195631041885
2.935682399592459
-0.0846671038342796
-2.378914213778031
0.5519843317339724
-0.4848875793860374
1.029902915093778
-1.475896468981625
0.6209664391084354
0.3713014227109782
-4.421523942714011
-2.225582820227168
-3.513031857326432
1.430052522350115
-0.3308406231483433
0.2347762792283556
0.7761467961564162
-3.050171721297432
0.06936880300648664
-4.663893002429154
-0.94829711870817
2.884316252618577
1.786865883202375
2.493060119381398
4.027229463015978
-2.184859478113088
-4.38038679499935
4.395532246647814
0.530932256051133
-1.865272010677588
2.958215934478885
-4.670356973725805
4.834424163636539
-1.65254959999988
3.871105430198265
1.811263434925448
-0.8714118872719687
1.478199788491917
-2.77194001186974
-1.665052253769197
-1.615608330972004
-1.25270152798951
-3.233382281214708
-0.08211335513131664
-0.8654879349112832
-3.247228451226535
-4.132408391517816
0.1085114563682407
1.202210447361749
-0.9011934404564201
4.09266868435258
-1.419420139375193
0.3003116255786256
4.033987991292332
-2.448807339535778
3.948379019283574
-0.2123234788733347
0.2501066304790726
4.587089005245511
-4.727988767183991
2.463231759594361
-0.2526486264666217
0.8855209851241994
3.809167752142807
0.5981331947040027
-4.690146553609646
-4.685195658608114
0.8414170776026074
-0.2926711042471016
3.428788170922923
0.1221218199272838
0.4315748308180404
2.096482613625644
-2.282135895804635
-2.982484332021141
-0.7302153494774387
-1.129172135431555
-4.134849751983495
-3.562233450248573
-1.811678583312141
3.60882277993115
1.027534133817559
1.838798261847358
-4.400255093409532
4.97212796767497
-4.885105776130588
4.192571612764223
4.512872435329891
1.617179047732861
-1.057407992205469
-2.271582884790044
2.602791130139001
-0.2871439696333154
1.191689245014482
-2.429527078363743
2.762017653558344
1.67529037957476
-1.216188332598045
2.979588517071058
-3.307553145887833
-1.235164529250867
-3.097510727467611
-4.365360412558476
4.535814248334004
4.677575304182326
3.630101534153204
-2.26674496330722
-0.386031213069041
-4.184391965196435
4.518391867082235
0.4166300833000661
-2.094324092697709
-0.5116647281737488
4.23187240879121
-3.891435589014132
0.2436964671380895
1.432659672920598
-3.995847023255226
4.353050594185625
-4.414055655631664
-1.240890907635185
-2.944912048046496
-4.899760632341795
-1.305247706029714
0.5366478719278776
-0.7808137478567895
-1.16637400138546
-2.926030214149874
-1.779185304176286
-1.955417401749987
-2.467319993566007
-0.5571141374862952
-0.0330940688681709
-2.723641129014432
-4.57565331068985
4.440405061185722
0.4986846830090247
-2.667556011878258
-0.80240290696143
-2.871991678070534
1.183025579975812
-1.915413038850994
-1.254191553322162
1.151945037672613
3.694108238778626
0.9889046905957906
3.276002681325776
-0.2428483496413057
-1.104477413741992
1.912655933447263
3.551000701963281
-2.591144608180526
-1.848861680879964
-3.396943525723263
-4.365178070823725
4.570256699307757
-3.737732960098171
4.371897313059476
2.251582053449002
4.93715155315051
-1.6069911320676
-0.4876551794069702
-4.721507888878469
2.299741892036731
-1.406561027025023
1.859543149107922
-3.111843546375916
-0.5970074710895681
-0.9831319441648543
-1.385407206552752
-2.196727494364445
-1.069596291301056
2.513143654674322
3.564717624298662
1.141875181988323
4.225631411623501
-3.955337362328395
4.824295716945326
-3.083401123326438
-2.53117393494609
-2.561383737010252
-3.036049592140082
1.044695910374688
-0.5664790093720627
-1.099764935601248
1.760416335874093
2.667106984355283
4.369441139104178
0.7940690269658824
-1.960718122325219
-2.790899917388252
2.355528871802904
4.428242362861747
0.700667438681592
-2.729651405218357
2.595525324321822
3.586896518319272
-2.664903050148578
2.185240879931461
-1.268841445935264
-3.916019635479728
4.550609332124774
-0.2319476834072165
0.08873686915784987
3.509098016141798
-3.077555923252294
-4.937407718910337
-3.371161337500164
-1.082722490718897
-4.671525911032827
2.062897957261001
1.680202953379688
-0.4831335808733165
1.149420720561869
-3.472737390452341
-3.921499968607976
0.09380277665426136
-3.436349049245696
1.9812541799334
-3.127311136454287
1.057968261806345
-3.876490911696697
-3.63308562865757
1.601631342554329
-3.64847567243541
-1.331960093732888
0.1204205688866243
-3.807799078011546
1.69157185069919
2.653932280697582
-3.426620694164073
4.580078606668939
1.618282752138792
-2.942310338580623
3.418754612253289
4.304467871368734
4.94222517686853
2.043739534299386
3.145758407653136
0.2394982732378947
4.883582351916086
-1.900309831739954
-2.390558205761403
-3.385290562212058
-4.338062146325599
0.2236963238637059
-2.441196897235212
1.02474616269995
4.589345035263602
-2.377885380523981
-0.7982458891243347
-1.625150636278882
-1.759988302720194
-0.5861313668937186
4.991012510672467
-3.529823694171275
-4.715702088946384
1.898210620578542
-3.118334192236645
3.078892226784226
0.7154818783551499
3.474868508934176
1.159917589451541
3.833622687722106
1.154570509402239
0.3039312685899286
-2.952959736649809
-2.556386937378938
0.3563455006464027
-3.099073029610743
1.858357705748743
-1.233122249812542
-3.992417788972519
-1.971478919904399
-1.569838286754628
1.830876406665058
3.621073228368784
1.084420254108756
4.756984960820903
-3.433427150792904
-1.550430900258438
-0.5041656744443959
2.563519260440014
-3.239797117331788
-4.657755422587533
1.109618064401636
0.8261458520142162
-2.438259975070258
-0.8358814722883448
-1.475241379838692
3.748817973030127
-2.585354347236916
1.028004120684076
4.026647338765715
1.076809855504186
-3.276396729420674
0.9388606086857545
-1.041089803648547
2.59275292079034
0.6115277772404005
-1.813591405274655
3.148474950117147
2.48320232190276
-1.248624610303969
3.650121366847708
4.701325176516575
-0.3392764670660265
-4.28242728730165
-2.369118018580954
-4.79753750043216
-1.132542315394273
3.233524362555535
2.619255570972683
1.636004081653899
-4.508479843939995
1.117420787790513
-0.8240885333906501
-1.521019362416537
-4.268028416294158
-4.024657275301449
-2.290221834174318
3.503667480767622
-1.048464524568076
-1.819611038957729
-0.4922481756496414
0.2736004887979019
-4.568458173379228
-3.297858277394747
0.9215872579025609
-3.795027682371226
0.4963721718537944
1.962262930587294
2.539713725354227
0.5675020959595447
2.210442063293802
2.084309103029758
0.7062453163882656
2.90686001428218
-2.215444931225695
-4.455319925452592
-0.1830990327690731
-3.511752585361124
3.749141463078669
-4.163693647532712
-0.918380328188378
0.6710890417579816
-4.596157149130374
1.133278968177185
1.497965569612507
3.064297142505903
4.539475643343737
-2.268470408420012
4.194638647019523
-2.503169404297076
-0.6896457869955259
0.6893712870853468
-4.35704610993931
2.558975781742188
2.898121468334656
2.415750038450292
-3.671025844723579
-0.6327629813011644
-2.749924367013543
3.695459915356765
-4.585356391987924
1.800049265239289
-2.596944745838837
4.545309214526946
1.114321561890546
4.704107660445151
3.533142164924455
-1.15590517932182
1.806917708728544
-2.864219975909228
4.879450536532539
-0.2401289423245915
1.447556822075868
-0.1822852768669193
1.054301718413853
-0.3619878618567804
-3.536824024896482
-2.38974193238737
0.804639679067537
1.003259608606172
-0.2797407737765663
-1.770371012834204
3.276491652686213
-1.650842478746857
3.159538791529959
0.7502878181743959
1.517689247100555
0.85109091595568
1.523439207908894
3.831416263515963
3.706633062856771
-2.39474967674918
-0.44060063958619
-2.419357400784523
-3.027604071900926
-0.0100317543061567
2.787327099851765
2.656661438409911
1.048124436687026
1.500304583285144
-2.517323209648045
2.95260891986405
-3.388538226173903
2.292770573632636
-4.001075270048
-3.524040751105561
0.01967270272451759
-0.5467823638127207
4.372187403385487
2.381144077001553
-1.69002559186519
-0.2498639120174784
-4.485830863141815
1.643204930572856
-3.100850788068621
-3.181292715394988
-4.90934870745601
-3.281267363297732
2.016744602056797
-0.3431775514407285
-0.6990096148743269
0.678880037169715
-3.635540879944996
0.8406358165864187
-3.351884421767333
-4.120160921021095
0.9933725040047064
-0.22011276182636
1.395921407123767
-3.193093864099321
2.257172235123909
-1.49112181015407
-2.395927707395174
-3.01027565502129
-0.7120869638290094
1.294251450829167
0.5045093793193766
-4.848155954769954
0.4451762350245081
