de_sorted = [0.32613615 0.32980581 0.33031057 0.33098128 0.33269124 0.33503729
 0.33674634 0.33752427 0.3388171  0.33911635 0.33925606 0.34071136
 0.34148389 0.34301224 0.34352657 0.34842719 0.34907814 0.34922759
 0.35305879 0.35406822 0.35454784 0.35478243 0.35551401 0.35895588
 0.36257144 0.36584291 0.36738727 0.36782286 0.37007895]
steep_sorted = [0.44663172 0.45633769 0.46758047 0.47467193 0.48337019 0.49714814
 0.50111623 0.5058871  0.51739582 0.52030537 0.52573662 0.52603256
 0.52953593 0.53945142 0.5444861  0.54704078 0.54939012 0.56125366
 0.56288936 0.56608049 0.5669596  0.57513558 0.57585346 0.58076587
 0.58300284 0.59376778 0.63493479 0.63577909 0.64309407]
bfgs_sorted = [0.32330314 0.3249644  0.32681203 0.32681488 0.33083343 0.33115274
 0.33235013 0.33271453 0.33317759 0.33743815 0.33790056 0.33965226
 0.34029328 0.34073769 0.34194502 0.34248398 0.34383998 0.34494596
 0.34522091 0.34583601 0.34595009 0.3461523  0.34656329 0.34694023
 0.34723023 0.34750762 0.34890182 0.35137456 0.35235698]
chain_sorted = [0.32330314 0.3249644  0.32681203 0.32681488 0.33083343 0.33115274
 0.33235013 0.33271453 0.33317759 0.33743815 0.33790056 0.33965226
 0.34029328 0.34073769 0.34194502 0.34248398 0.34383998 0.34494596
 0.34522091 0.34583601 0.34595009 0.3461523  0.34656329 0.34694023
 0.34723023 0.34750762 0.34890182 0.35137456 0.35235698]
ngchain_sorted = [0.32330314 0.3249644  0.32681203 0.32681488 0.33083343 0.33115274
 0.33235013 0.33271453 0.33317759 0.33743815 0.33790056 0.33965226
 0.34029328 0.34073769 0.34194502 0.34248398 0.34383998 0.34494596
 0.34522091 0.34583601 0.34595009 0.3461523  0.34656329 0.34694023
 0.34723023 0.34750762 0.34890182 0.35137456 0.35235698]
current_best = [127.15330199936282, 99.53268695163301, 149.77867003802285, 113.56476448117209, 148.1394641247125, 118.55200660837194, 98.50086937695497, 109.38936400713338, 97.44068258297796, 87.47170898412628, 151.20518549764043, 112.168917855189, 123.67473021139992, 113.34642993291821, 127.0697405238048, 127.86602188464055, 95.38456886897292, 126.9360744335437, 79.77311772180916, 92.48664309056154, 101.89766391332535, 99.71723502121472, 94.15085221034707, 120.21326168649523, 82.6370029944213, 105.56425132076701, 138.54024391448104, 126.00421800215084, 75.88192446340967, 112.67724447203594, 92.48247703708726, 89.32584527170549, 82.61553327949791, 89.88178460759865, 101.72652282552761, 99.31502143046161, 85.79850847917537, 115.97319317119037, 68.7537720793709, 87.99617667277727, 66.9435960246499, 89.9903574773841, 64.27286227661085, 78.59793852453794, 71.38664444172483, 70.92082109404092, 74.47297325753516, 66.68490080378616, 74.95556208250552, 69.14141461768524]
current_best_val = 0.27218235687694214
