de_sorted = [0.73344088 0.73381295 0.73401874 0.73404809 0.73419989 0.73447762
 0.73449779 0.73467737 0.73485465 0.73488141 0.73499677 0.73500003
 0.73511712 0.73534165 0.73537628 0.73549535 0.73555474 0.73581306
 0.73608155 0.73696769 0.73732566 0.73741034 0.73757978 0.73796271
 0.73863946 0.73962146 0.74001593 0.74078733 0.74202403]
steep_sorted = [0.79859951 0.79865175 0.80146837 0.8035921  0.81368128 0.81374517
 0.81407088 0.81796808 0.81804656 0.81822199 0.82164973 0.82328004
 0.8233694  0.82543133 0.83089209 0.8380107  0.83935424 0.84525238
 0.8525121  0.85383475 0.85383511 0.86576739 0.86891752 0.87121995
 0.87198704 0.88399318 0.88554323 0.89280675 0.90502369]
bfgs_sorted = [0.73268448 0.73322662 0.73368727 0.73407173 0.73441778 0.73459295
 0.73522066 0.73539726 0.73595517 0.73643923 0.73649036 0.7364968
 0.73656343 0.73668417 0.73758445 0.73794392 0.73833699 0.7386541
 0.73879399 0.73928288 0.73930875 0.73940128 0.73964505 0.7402529
 0.74030613 0.74050162 0.74247405 0.74592002 0.74856737]
chain_sorted = [0.73268556 0.73325406 0.7336867  0.73407093 0.73443047 0.73462609
 0.73521074 0.73538742 0.73595585 0.73622957 0.73644374 0.73651463
 0.7365782  0.73670681 0.73737317 0.73759374 0.73770035 0.7383545
 0.73861651 0.73879447 0.73885245 0.73929194 0.73929427 0.73938987
 0.73965164 0.74025637 0.7404981  0.74246981 0.74293685]
ngchain_sorted = [0.73268556 0.73325406 0.7336867  0.73407093 0.73443047 0.73462609
 0.73521074 0.73538742 0.73595585 0.73622957 0.73644374 0.73651463
 0.7365782  0.73670681 0.73737317 0.73759374 0.73770035 0.7383545
 0.73861651 0.73879447 0.73885245 0.73929194 0.73929427 0.73938987
 0.73965164 0.74025637 0.7404981  0.74246981 0.74293685]
current_best = [101.88098941304146, 179.89068787896917, 179.50701118665404, 178.9542214144576, 175.40417947061255, 142.4239716378058, 179.85583230983875, 165.61673630440822, 166.90093516455974, 117.91193281996755]
current_best_val = 0.7280621879807774
