de_sorted = [0.26266039 0.26266039 0.26266039 0.26266039 0.26266039 0.26266039
 0.26266039 0.26266039 0.26266039 0.26266039 0.26266039 0.26266039
 0.26266039 0.26266039 0.26266039 0.26266039 0.26266039 0.26266039
 0.26266039 0.26266039 0.26266039 0.26266039 0.26266039 0.26266039
 0.2626604  0.2626604  0.26266043 0.26266061 0.26266419]
steep_sorted = [0.26276008 0.26286961 0.26288699 0.26290214 0.26292877 0.26293191
 0.2629991  0.26317459 0.26318581 0.26320159 0.26326915 0.26342462
 0.26349584 0.26369809 0.28563564 0.28583471 0.28583852 0.28593731
 0.28727895 0.2873957  0.28751374 0.28767784 0.28813413 0.29356156
 0.31002508 0.31022786 0.31184166 0.31551997 0.33792912]
bfgs_sorted = [0.26266039 0.26266039 0.26266039 0.26266039 0.26266039 0.26266039
 0.26266039 0.26266039 0.26266039 0.26266039 0.26266039 0.26266039
 0.26266039 0.26266039 0.26266039 0.26266039 0.26269787 0.26286168
 0.26312663 0.26319046 0.26319998 0.26342504 0.26360717 0.26389499
 0.26422817 0.26481702 0.26592906 0.26596345 0.26596764]
chain_sorted = [0.26266039 0.26266039 0.26266039 0.26266039 0.26266039 0.26266039
 0.26266039 0.26266039 0.26266039 0.26266039 0.26266039 0.26266039
 0.26266039 0.26266039 0.26266039 0.26266039 0.26266039 0.26266039
 0.26266039 0.26266039 0.26266039 0.26266039 0.26266039 0.26266039
 0.26266039 0.26266039 0.26266039 0.26266039 0.26266039]
ngchain_sorted = [0.26266039 0.26266039 0.26266039 0.26266039 0.26266039 0.26266039
 0.26266039 0.26266039 0.26266039 0.26266039 0.26266039 0.26266039
 0.26266039 0.26266039 0.26266039 0.26266039 0.26266039 0.26266039
 0.26266039 0.26266039 0.26266039 0.26266039 0.26266039 0.26266039
 0.26266039 0.26266039 0.26266039 0.26266039 0.26266039]
current_best = [57.73502662325156, 70.71067879797705, 57.73502707532966, 70.7106772126716, 57.7350275197015, 70.71067871787105, 57.735026656930565, 70.71067770619446, 173.20508082864185, 70.71067769288538]
current_best_val = 0.2626603868459254
