de_sorted = [0.38787687 0.38797069 0.39345705 0.3952617  0.39700474 0.39821413
 0.40024098 0.40187805 0.40653273 0.40729501 0.41028806 0.41069897
 0.41111167 0.41346351 0.41925024 0.41959481 0.42091059 0.42204411
 0.42371067 0.42420199 0.42652632 0.42913605 0.42918534 0.43211171
 0.43514393 0.43899681 0.44161305 0.44455437 0.44869769]
steep_sorted = [0.50284376 0.58717384 0.58833569 0.59240848 0.59298954 0.6081185
 0.61591666 0.61605355 0.6191432  0.63516546 0.6376811  0.63966814
 0.64543418 0.65302113 0.65961769 0.66578033 0.67620253 0.68284022
 0.68713903 0.68715078 0.68874941 0.69320411 0.70039008 0.70274759
 0.71412164 0.72979488 0.75485087 0.78769955 0.81870626]
bfgs_sorted = [0.36999508 0.37908893 0.37961447 0.38040883 0.38813771 0.39372086
 0.39381955 0.39391009 0.39540928 0.39561066 0.39674083 0.39730943
 0.39951849 0.40096287 0.40260736 0.40321601 0.40365147 0.40520665
 0.40554126 0.40707721 0.40738243 0.40878779 0.40963649 0.4108191
 0.41101644 0.41559132 0.41946022 0.42539772 0.43569968]
chain_sorted = [0.36999508 0.37908893 0.37961447 0.38040883 0.38813771 0.39372086
 0.39381955 0.39391009 0.39540928 0.39561066 0.39674083 0.39730943
 0.39823011 0.39951849 0.40096287 0.40260736 0.40321601 0.40365147
 0.40520665 0.40554126 0.40707721 0.40738243 0.40743126 0.40878779
 0.4108191  0.41101644 0.41559132 0.42539772 0.43569968]
ngchain_sorted = [0.36999508 0.37908893 0.37961447 0.38040883 0.38813771 0.39372086
 0.39381955 0.39391009 0.39540928 0.39561066 0.39674083 0.39730943
 0.39823011 0.39951849 0.40096287 0.40260736 0.40321601 0.40365147
 0.40520665 0.40554126 0.40707721 0.40738243 0.40743126 0.40878779
 0.4108191  0.41101644 0.41559132 0.42539772 0.43569968]
current_best = [72.48755394382367, 72.13496644912262, 160.93487271952645, 100.58125411029812, 147.2904152293778, 93.3662504016518, 64.02648556959404, 82.18260415936057, 65.72264367456617, 92.7529979271103, 62.88688773019178, 77.61640716990249, 75.32602829375114, 87.32180489156245, 72.70211723381613, 89.54866312826583, 80.9068133713709, 102.30387309510184, 106.5151683247691, 100.19458657843752, 85.99039325880553, 95.27544252615508, 87.37311563915392, 103.68708577621275, 80.87622821122702, 80.85756886023398, 108.86750515327961, 107.41731024503635, 85.6474484152624, 93.93044690562583]
current_best_val = 0.3062994715650531
