de_sorted = [0.59646398 0.59766836 0.59985555 0.60001082 0.60099935 0.60142141
 0.60179425 0.60212906 0.6022956  0.60233911 0.60261539 0.60263859
 0.60301718 0.60329829 0.60333807 0.60360421 0.60378084 0.60408308
 0.60426559 0.60460795 0.60474823 0.60476999 0.6055194  0.60731479
 0.60740622 0.60767496 0.6076846  0.60819119 0.61589325]
steep_sorted = [0.69009452 0.74242289 0.7645775  0.76920731 0.76957454 0.77765507
 0.77952298 0.78708924 0.78911703 0.79454797 0.79713767 0.80833772
 0.81261019 0.82492376 0.82666404 0.82779624 0.83093319 0.83203551
 0.8352513  0.83717199 0.83741412 0.8484256  0.86237628 0.86306607
 0.86786553 0.87638332 0.88790236 0.91165646 0.92216259]
bfgs_sorted = [0.5954336  0.59599195 0.59601155 0.59607236 0.59631903 0.59670684
 0.59673117 0.59735358 0.59767961 0.59786285 0.598059   0.59873895
 0.59966931 0.60075761 0.60107929 0.60138489 0.60175975 0.60201248
 0.60282686 0.60303679 0.60305551 0.60367424 0.60385076 0.60630406
 0.60646297 0.60702224 0.60781538 0.61207079 0.61278218]
chain_sorted = [0.5954285  0.59600181 0.59602062 0.5960692  0.59630965 0.59671341
 0.59672915 0.59734401 0.59768018 0.59787272 0.59806793 0.59874001
 0.59966269 0.60075707 0.60107338 0.60139449 0.60175791 0.60201455
 0.60257769 0.60285431 0.60302609 0.60305349 0.60367352 0.60384851
 0.60646121 0.60702419 0.60781256 0.61208044 0.61278164]
ngchain_sorted = [0.5954285  0.59600181 0.59602062 0.5960692  0.59630965 0.59671341
 0.59672915 0.59734401 0.59768018 0.59787272 0.59806793 0.59874001
 0.59966269 0.60075707 0.60107338 0.60139449 0.60175791 0.60201455
 0.60257769 0.60285431 0.60302609 0.60305349 0.60367352 0.60384851
 0.60646121 0.60702419 0.60781256 0.61208044 0.61278164]
current_best = [72.01913634562996, 90.02163180562027, 73.44186721480193, 96.02998181426676, 125.35867537014727, 94.01165471629506, 75.24571252770305, 89.95844083516593, 74.71611503828964, 91.91871984956572]
current_best_val = 0.5939551306465004
