de_sorted = [0.2322718  0.24035191 0.24887186 0.24958495 0.25073301 0.25644759
 0.25713512 0.25913409 0.26505626 0.2672654  0.26833485 0.26847795
 0.27072777 0.27248263 0.27272537 0.27335111 0.27393594 0.27396247
 0.27536601 0.27565362 0.27974293 0.27985048 0.28147146 0.28298759
 0.28328869 0.28388243 0.28429742 0.28533474 0.29335303]
steep_sorted = [0.41667308 0.47785731 0.48807929 0.49688345 0.50168448 0.50589435
 0.50631438 0.52391237 0.52801902 0.53232265 0.53886845 0.5409151
 0.54123735 0.55348206 0.55866284 0.56481801 0.56836064 0.5741022
 0.57578303 0.576918   0.58914563 0.59092258 0.5981851  0.59935855
 0.61030229 0.6104712  0.61779484 0.63084531 0.64804077]
bfgs_sorted = [0.25792433 0.2666294  0.26926704 0.27347232 0.27429755 0.2745313
 0.27636001 0.2779519  0.27877119 0.27925425 0.27954336 0.27970292
 0.28129021 0.2856638  0.28633    0.28768334 0.2947541  0.29669539
 0.29866599 0.29908743 0.29952467 0.30036201 0.30362035 0.30601083
 0.30914387 0.31386622 0.31400321 0.31751606 0.31945735]
chain_sorted = [0.25792757 0.26167782 0.26252075 0.264443   0.26664312 0.26898653
 0.26914804 0.26933664 0.27170771 0.2731942  0.27347376 0.27453315
 0.2779496  0.27922194 0.27968437 0.28098478 0.28126723 0.28566307
 0.28633157 0.28680237 0.28767979 0.29360155 0.2947044  0.29671322
 0.29909956 0.30040413 0.30363706 0.3090367  0.31385661]
ngchain_sorted = [0.25792757 0.26167782 0.26252075 0.264443   0.26664312 0.26898653
 0.26914804 0.26933664 0.27170771 0.2731942  0.27347376 0.27453315
 0.2779496  0.27922194 0.27968437 0.28098478 0.28126723 0.28566307
 0.28633157 0.28680237 0.28767979 0.29360155 0.2947044  0.29671322
 0.29909956 0.30040413 0.30363706 0.3090367  0.31385661]
current_best = [70.70757259035365, 72.97306492165859, 61.696599385675874, 101.51456569420601, 175.2500248100365, 53.30689983265632, 64.23677881196113, 79.49776615604475, 79.58489167818962, 48.931590049379295, 81.1245774198405, 82.76882705721361, 111.63145764884081, 110.12588440098865, 102.37003005731319, 105.76628440257802, 83.11906960629742, 68.93447997906165, 89.99630855477207, 91.38303803931821, 119.39649885264784, 102.60397992052651, 77.54992638763332, 82.45514398178226, 78.93194655349204, 117.38148724918044, 107.82727180607931, 100.90727766214327, 101.26173436235618, 107.27776576084649, 104.58631465786063, 87.59314746996367, 103.66068267841582, 87.62029929970038, 96.46585754571545, 105.84979022139265, 82.0112343638256, 82.41179112201178, 66.45615593525366, 85.23902489623235, 75.13722249743924, 79.61587900213827, 78.0627908296057, 92.42298109155746, 67.68045233103689, 104.87031324214279, 68.69505349645034, 75.51411298643771, 81.4411161958792, 72.95191724537733]
current_best_val = 0.1808193041191338
