de_sorted = [0.50867655 0.50895723 0.50954317 0.50982944 0.51257943 0.51291661
 0.51505244 0.51562098 0.51715056 0.51847169 0.52077786 0.52381326
 0.52565599 0.52624818 0.52672663 0.52775554 0.53030272 0.53035206
 0.53056224 0.53074625 0.53088637 0.53539622 0.53570541 0.53656946
 0.53849054 0.53878886 0.54480806 0.54532169 0.54841992]
steep_sorted = [0.59191687 0.60258399 0.61433619 0.62951338 0.63071686 0.63787038
 0.6381063  0.63961572 0.64092657 0.64808496 0.64883543 0.65121982
 0.65153081 0.65317532 0.6573851  0.66240084 0.66972406 0.67330745
 0.67396392 0.67491572 0.67868386 0.6846223  0.6870913  0.6919836
 0.6920594  0.71020385 0.71032454 0.71060938 0.76074603]
bfgs_sorted = [0.49903965 0.50722339 0.50995556 0.5124393  0.51289721 0.51359323
 0.51406117 0.51489582 0.51629038 0.51736785 0.5176313  0.51780634
 0.51813028 0.51869335 0.51871336 0.52030653 0.52138042 0.5233464
 0.52381922 0.52424687 0.52564898 0.52853084 0.5300286  0.53026274
 0.53142885 0.53221984 0.53493158 0.5362678  0.54354608]
chain_sorted = [0.49009487 0.49902115 0.50722571 0.50985321 0.51243729 0.51294187
 0.51344561 0.51404776 0.51491683 0.5163969  0.51741098 0.51760488
 0.51810289 0.51867175 0.51872725 0.52028591 0.52135866 0.52328914
 0.52378676 0.52424685 0.52565599 0.52806348 0.52853002 0.52959397
 0.52998384 0.53020791 0.53024962 0.53221876 0.53486955]
ngchain_sorted = [0.49009487 0.49902115 0.50722571 0.50985321 0.51243729 0.51294187
 0.51344561 0.51404776 0.51491683 0.5163969  0.51741098 0.51760488
 0.51810289 0.51867175 0.51872725 0.52028591 0.52135866 0.52328914
 0.52378676 0.52424685 0.52565599 0.52806348 0.52853002 0.52959397
 0.52998384 0.53020791 0.53024962 0.53221876 0.53486955]
current_best = [157.9106908822232, 165.72848770581615, 175.72663346992005, 177.26703044815883, 176.29610502544938, 177.31881177818175, 176.0022576190049, 147.0853343300702, 156.06619835169644, 179.3515099347036, 149.41264020193483, 141.9263393332007, 135.12352051530172, 121.37554375122953, 152.28484885241286, 123.51103011904975, 128.44175350899917, 150.70078621403607, 132.2535919130352, 117.53907167669672, 78.44136121345998, 122.1873814522145, 119.42742451044572, 115.33507714241071, 111.15541428532995, 122.87407035576408, 129.97559908727354, 105.52706095795142, 84.0817406090556, 104.3036119602544, 70.00822831968968, 111.81894595120784, 127.99814088817007, 110.0493208651974, 82.18143620086451, 82.3194318728323, 64.14618305464795, 97.7966183243556, 80.71193305653082, 107.3838271104512]
current_best_val = 0.4331160767687089
