de_sorted = [0.2904692  0.29591159 0.30705502 0.31084152 0.31150651 0.31264926
 0.31361748 0.3155711  0.31594828 0.31699545 0.31721207 0.3187672
 0.31903885 0.32012174 0.32192047 0.32226484 0.32358579 0.32682417
 0.32879844 0.3291202  0.33376212 0.33525846 0.33610597 0.33681808
 0.33722676 0.3387232  0.34048336 0.34059152 0.36602116]
steep_sorted = [0.45405895 0.526631   0.53067027 0.55606665 0.55663047 0.56733983
 0.57509887 0.57906762 0.5874601  0.59381441 0.59398164 0.59847412
 0.60196116 0.60425493 0.61519176 0.61755552 0.61923198 0.6246782
 0.62647369 0.64838873 0.65454447 0.67089551 0.67511927 0.67977272
 0.69551639 0.70967973 0.71529264 0.71703765 0.73541654]
bfgs_sorted = [0.2972235  0.30341811 0.30476953 0.3079777  0.31002591 0.31313933
 0.31440255 0.31463042 0.31910257 0.32061545 0.32309618 0.32333218
 0.32835471 0.32886061 0.32903048 0.32952729 0.3315002  0.33273031
 0.3331113  0.33423093 0.33480386 0.33830549 0.33943661 0.34165015
 0.34497061 0.3450989  0.34779243 0.35803532 0.36755352]
chain_sorted = [0.28029045 0.29722755 0.3034126  0.30476953 0.30796846 0.31003446
 0.3131522  0.31443409 0.31462936 0.31911034 0.32061583 0.32309436
 0.32332047 0.32657837 0.32835549 0.32886668 0.32897522 0.32955304
 0.33145715 0.33312699 0.33421359 0.33481305 0.33488113 0.33944314
 0.34166977 0.34316259 0.3451072  0.34694457 0.34779318]
ngchain_sorted = [0.28029045 0.29722755 0.3034126  0.30476953 0.30796846 0.31003446
 0.3131522  0.31443409 0.31462936 0.31911034 0.32061583 0.32309436
 0.32332047 0.32657837 0.32835549 0.32886668 0.32897522 0.32955304
 0.33145715 0.33312699 0.33421359 0.33481305 0.33488113 0.33944314
 0.34166977 0.34316259 0.3451072  0.34694457 0.34779318]
current_best = [76.66647768397199, 74.56507644817366, 105.191791613529, 116.30577024388336, 96.04149812751498, 88.8178146118161, 92.62564524979324, 112.83179151505266, 100.62651044017747, 93.2847944121309, 66.24404605966882, 106.6764072859674, 63.660536073819586, 110.39595426533377, 148.94364365713926, 80.81366249306582, 83.08798708600655, 90.19538564022268, 110.22388515381337, 88.00714695024828, 79.28015818095115, 76.74030915717732, 71.21024340729198, 70.22094556861695, 76.9182468670359, 70.549577060423, 80.16769702800048, 81.66716484192838, 86.97056995697285, 112.26115179116508, 85.0821981001577, 90.85330648561998, 117.67042953684235, 91.94335821446226, 72.67239847262502, 69.56205682197758, 72.35508500329902, 78.0349139838067, 65.16204008181876, 83.45445473102407]
current_best_val = 0.22041210461680194
