de_sorted = [0.00526    0.00526    0.00526    0.00526    0.00526    0.00526
 0.00526    0.00526    0.00526    0.00526    0.00526    0.00526
 0.00526    0.00526    0.00526001 0.00526004 0.00526006 0.00526016
 0.00526034 0.00526034 0.00526038 0.00526373 0.00526995 0.00527168
 0.00580053 0.00580053 0.00580053 0.00580276 0.00580301]
steep_sorted = [0.0134521  0.01703729 0.01706702 0.01830631 0.01846177 0.01889113
 0.01940643 0.02023329 0.02053814 0.02066959 0.02161642 0.02167954
 0.02260968 0.02348288 0.02349739 0.02365244 0.02413577 0.02416624
 0.02507992 0.02595482 0.02603525 0.02607681 0.02643252 0.02670692
 0.02715223 0.02757345 0.02934851 0.03053287 0.03485964]
bfgs_sorted = [0.00580053 0.00580053 0.00580053 0.00583917 0.00592613 0.00643902
 0.00643902 0.00657841 0.00672124 0.00673032 0.00710027 0.00777739
 0.00777739 0.00781412 0.00782916 0.00788127 0.00788127 0.00788127
 0.00793372 0.00803496 0.00857549 0.00868998 0.00880816 0.00894573
 0.00986312 0.0113969  0.01226429 0.01239042 0.01278056]
chain_sorted = [0.00526    0.00526    0.00526    0.00526    0.00526    0.00526
 0.00526    0.00526    0.00526    0.00526    0.00526    0.00526
 0.00526    0.00526    0.00526    0.00526    0.00526    0.00526
 0.00526    0.00526    0.00526    0.00526    0.00526    0.00526
 0.00526    0.00526    0.00580053 0.00580053 0.00639642]
ngchain_sorted = [0.00526    0.00526    0.00526    0.00526    0.00526    0.00526
 0.00526    0.00526    0.00526    0.00526    0.00526    0.00526
 0.00526    0.00526    0.00526    0.00526    0.00526    0.00526
 0.00526    0.00526    0.00526    0.00526    0.00526    0.00526
 0.00526    0.00526    0.00580053 0.00580053 0.00639642]
current_best = [57.73503201065072, 70.71067353786229, 173.20508126177066, 70.71067864057127, 57.735024888563835, 70.7106798022855, 173.20508259599094, 70.71068014608718, 57.73502810978478, 70.71067408942288, 57.73502587108121, 70.71067962768814, 57.73502822520326, 70.71068189502259, 173.2050731801425, 70.71068239558237, 57.73503029769219, 70.71067394118329, 57.73503039360872, 70.71067669663894, 57.73502446370214, 70.71068022570967, 57.73502754664394, 70.71068088494384, 57.735022220114956, 70.71067796544223, 173.20508252358175, 70.7106799609483, 57.73502547795673, 70.71068059151438]
current_best_val = 0.005260003381189593
