de_sorted = [2.35358987e-07 2.54328534e-07 2.54837639e-07 2.55855671e-07
 2.56723417e-07 2.63217099e-07 2.63321751e-07 2.80864888e-07
 2.80991571e-07 3.09369684e-07 3.12247749e-07 3.12703362e-07
 3.22423363e-07 3.22946526e-07 3.36684581e-07 3.42447071e-07
 3.42817248e-07 3.43376475e-07 3.47868723e-07 3.47982464e-07
 3.50133405e-07 3.51344858e-07 3.52580510e-07 3.52625212e-07
 3.63071343e-07 3.76381915e-07 3.81358306e-07 3.82829396e-07
 4.60830700e-07]
steep_sorted = [0.00371933 0.00542283 0.00600775 0.00727381 0.00727454 0.00766334
 0.00804582 0.00805681 0.00830229 0.00877694 0.00917537 0.00933555
 0.00946808 0.00993464 0.01015179 0.01020812 0.01048168 0.01095059
 0.0111312  0.01120886 0.01121141 0.01134796 0.01322758 0.01442539
 0.01583031 0.01635154 0.01813037 0.01832226 0.01999303]
bfgs_sorted = [3.98517380e-07 4.47758316e-07 4.56315235e-07 4.69458845e-07
 4.73646423e-07 5.00671343e-07 5.09640222e-07 5.10644236e-07
 5.63693438e-07 6.10111832e-07 6.11524743e-07 6.40284072e-07
 6.88897692e-07 7.09216403e-07 8.12235253e-07 8.33562621e-07
 8.62194161e-07 9.22388785e-07 9.61926087e-07 9.73619841e-07
 1.02682572e-06 1.04107946e-06 1.06010072e-06 1.07226736e-06
 1.08050622e-06 1.23042524e-06 1.67920910e-06 2.23836158e-06
 3.41701718e-06]
chain_sorted = [2.85185077e-07 3.15793617e-07 3.27103002e-07 3.30938274e-07
 3.48241774e-07 3.53133145e-07 3.72091624e-07 3.72931782e-07
 3.77575115e-07 3.79178415e-07 3.84868213e-07 3.86156237e-07
 3.87429638e-07 3.93490121e-07 3.98517380e-07 4.01634708e-07
 4.05829930e-07 4.12333013e-07 4.26637067e-07 4.27927160e-07
 4.36828207e-07 4.47758316e-07 4.73707298e-07 5.18866662e-07
 5.27462491e-07 5.30861612e-07 5.48214269e-07 5.90937744e-07
 5.92281430e-07]
ngchain_sorted = [2.85185077e-07 3.15793617e-07 3.27103002e-07 3.30938274e-07
 3.48241774e-07 3.53133145e-07 3.72091624e-07 3.72931782e-07
 3.77575115e-07 3.79178415e-07 3.84868213e-07 3.86156237e-07
 3.87429638e-07 3.93490121e-07 3.98517380e-07 4.01634708e-07
 4.05829930e-07 4.12333013e-07 4.26637067e-07 4.27927160e-07
 4.36828207e-07 4.47758316e-07 4.73707298e-07 5.18866662e-07
 5.27462491e-07 5.30861612e-07 5.48214269e-07 5.90937744e-07
 5.92281430e-07]
current_best = [57.20798864334674, 70.9922607640835, 172.99075438941813, 71.02862576810557, 173.6259170362041, 69.55134192349139, 58.39309850061554, 69.60772321789827, 58.445826570610365, 71.24473011987773, 57.31452627000037, 75.27130918507103, 179.9879937646221, 179.99048459866486, 72.91449551903949, 71.9767507743597, 170.90775591625876, 73.11263634906719, 172.89357670695927, 70.46734790109487, 57.8046503217618, 71.59148803665573, 57.05311012285922, 71.84967221761451, 173.4888537049113, 66.72280353159992, 60.25142747394969, 70.1395678855007, 173.24408391996033, 69.86315598078853, 59.50216968175071, 69.17814204604517, 58.70916996166375, 69.97715046094078, 57.79643480185693, 73.0239539122038, 169.25575436768324, 74.69044920481198, 171.65054053411077, 72.35565614386267, 57.31514356086499, 70.4467737138239, 58.001155650197184, 71.155063491421, 171.8160378008538, 72.21729379003907, 172.40105235448104, 71.36223092999245, 56.75545069219924, 73.21956805535541, 171.93005029731754, 72.11531507537211, 55.61235673248825, 73.51169771632334, 55.13026002342505, 72.63994807728756, 172.7480095660238, 71.59191724575003, 172.6988946934263, 71.35674221517942, 172.243406241405, 71.70003426738886, 56.44090620383247, 73.15723942287987, 172.72074819498764, 71.20755436291599, 56.16183409702816, 74.42069540188953, 169.66066198542998, 69.9507358086618, 59.57738135574678, 70.04408746863477, 172.86023386184993, 71.56620260609557, 172.86858465372234, 69.96528167396953, 174.38749343170508, 70.46019933050268, 57.69853595759832, 70.60300441459712]
current_best_val = 2.353589865222716e-07
