de_sorted = [0.21008445 0.21052617 0.2332159  0.234377   0.23622581 0.23699334
 0.23792322 0.23793575 0.23810565 0.2387954  0.23959497 0.2425179
 0.24305171 0.24573104 0.24587635 0.24674497 0.24744083 0.2480949
 0.2515973  0.25213097 0.25283382 0.25308702 0.25445415 0.25664948
 0.25805847 0.26046883 0.26158754 0.26614173 0.27568069]
steep_sorted = [0.47490283 0.4786385  0.50048819 0.50062275 0.51483355 0.52883702
 0.52994297 0.53323563 0.54173278 0.55123596 0.55395879 0.5542283
 0.56044233 0.56497382 0.565901   0.56765658 0.57221042 0.57267644
 0.58082079 0.58537356 0.58926924 0.59530554 0.60649029 0.60918535
 0.61124488 0.63911769 0.65423366 0.67478498 0.6789818 ]
bfgs_sorted = [0.24035298 0.24800589 0.25327162 0.2569675  0.25796412 0.25798026
 0.25840405 0.25914866 0.26096716 0.26206056 0.2629995  0.26306614
 0.26417955 0.26530838 0.26557706 0.26631276 0.26874517 0.26902204
 0.26953978 0.2720982  0.27268324 0.27446259 0.27592556 0.28393893
 0.28602072 0.28659617 0.29404198 0.29420881 0.29599834]
chain_sorted = [0.23652619 0.23747568 0.23997645 0.24035298 0.24240806 0.24800589
 0.25164705 0.25327162 0.25415831 0.2569675  0.25735413 0.25796412
 0.25798026 0.25840405 0.25914866 0.26122472 0.261381   0.26206056
 0.2629995  0.26530838 0.26557706 0.26631276 0.26646427 0.26694183
 0.26766142 0.27400417 0.27446259 0.29171148 0.29404198]
ngchain_sorted = [0.23652619 0.23747568 0.23997645 0.24035298 0.24240806 0.24800589
 0.25164705 0.25327162 0.25415831 0.2569675  0.25735413 0.25796412
 0.25798026 0.25840405 0.25914866 0.26122472 0.261381   0.26206056
 0.2629995  0.26530838 0.26557706 0.26631276 0.26646427 0.26694183
 0.26766142 0.27400417 0.27446259 0.29171148 0.29404198]
current_best = [56.33999434462335, 72.0322346052779, 106.75179140829893, 130.03225070315506, 117.57613147995065, 76.49709457488117, 89.31134437688743, 113.95030147712149, 107.8432902036632, 96.00212619620319, 74.97186131141105, 73.58529861217067, 145.63158041244517, 117.84896092986791, 128.2078986470522, 96.08879688251103, 68.5956217548579, 97.79606023993372, 93.51647757982312, 95.16319300587266, 77.57471871456863, 90.73052132930096, 77.26498579411661, 95.30921470216549, 119.87182691629563, 119.19340477474061, 123.540337540948, 100.65510461436365, 74.49625964982913, 86.3827327078562, 93.29472275102054, 86.68570887864423, 86.73863127924379, 79.05290932560912, 70.85654086857711, 89.29332293741584, 66.54590439738114, 78.66564542055784, 55.21345956219676, 72.02522573068308, 62.030466712089094, 70.16500983616143, 68.84561754247038, 85.11860561096853, 71.11282894190339, 86.7849392484088, 76.98169968046635, 99.86231444055127, 87.79183956284089, 90.05845849315149]
current_best_val = 0.20835598124440155
