de_sorted = [0.21880737 0.23319609 0.23669407 0.2369668  0.23759989 0.24057205
 0.24216037 0.24239852 0.24241518 0.24456895 0.24534344 0.24665744
 0.2467364  0.24701435 0.24792284 0.24882107 0.24970262 0.25041772
 0.25087947 0.25165991 0.25253231 0.25283786 0.25438033 0.25510514
 0.25628542 0.25635823 0.25766512 0.26190633 0.26193838]
steep_sorted = [0.3388945  0.3634508  0.37848087 0.37893219 0.38345618 0.41407109
 0.41496739 0.41571318 0.41637373 0.42100554 0.42416335 0.4296706
 0.43087487 0.43097689 0.43613157 0.43828841 0.44020365 0.44074629
 0.44738154 0.46160234 0.46451677 0.46636414 0.46710302 0.46758928
 0.47321596 0.4821948  0.48658399 0.49113804 0.52435189]
bfgs_sorted = [0.24173639 0.24421724 0.24592529 0.24609384 0.24694166 0.24870544
 0.24968308 0.24981894 0.25029119 0.25037666 0.25110272 0.25311133
 0.253616   0.25464433 0.25586173 0.25643348 0.25682362 0.25924135
 0.25931656 0.25952099 0.26161288 0.26267468 0.26281561 0.26345359
 0.26697672 0.26706302 0.26958986 0.27126278 0.27654439]
chain_sorted = [0.23681805 0.24202978 0.2434194  0.24416024 0.2459315  0.24612636
 0.24655637 0.24833722 0.24885765 0.24967799 0.24981005 0.25029336
 0.2504833  0.25295568 0.25364004 0.25375036 0.25465582 0.25577592
 0.25651122 0.25681334 0.25813766 0.25904767 0.25921835 0.25928309
 0.25936475 0.26037169 0.2615751  0.26271807 0.26494025]
ngchain_sorted = [0.23681805 0.24202978 0.2434194  0.24416024 0.2459315  0.24612636
 0.24655637 0.24833722 0.24885765 0.24967799 0.24981005 0.25029336
 0.2504833  0.25295568 0.25364004 0.25375036 0.25465582 0.25577592
 0.25651122 0.25681334 0.25813766 0.25904767 0.25921835 0.25928309
 0.25936475 0.26037169 0.2615751  0.26271807 0.26494025]
current_best = [146.63252556647797, 113.35256784133232, 118.59964201623906, 108.13952378461578, 124.57223862398016, 94.30439360350708, 134.42511899367227, 140.20937581311412, 122.87828501093216, 107.57774752542899, 97.68490645405845, 108.18852253427343, 130.10968408031928, 97.48979467286252, 127.82913074949326, 102.38323048287666, 114.56059621493498, 143.62357396005632, 132.96049063097496, 115.24150063998628, 98.1497977533843, 132.2994959455263, 59.93172903086767, 117.94957909144048, 105.8475285338489, 68.15640889398813, 110.34754864077783, 76.93010283681376, 92.20161077817646, 63.17622668572985, 95.85878095531996, 98.56085050430491, 79.93548952699224, 90.58200959625174, 82.41152008089493, 85.06755711187408, 108.82940768170896, 90.71000576771293, 104.15848415616463, 141.71500821134833, 79.62413464761902, 104.42176193493937, 116.31464279416193, 104.9006869132828, 78.62333318828044, 100.84454414632299, 120.90008762342218, 135.15105672180692, 129.9865924232463, 82.45853923320051, 70.37244067222389, 97.68509687324352, 84.47133041776996, 103.44927515486395, 88.75108699821897, 85.98686254340548, 69.55141035723076, 67.4021361605498, 56.10192770486342, 76.83347194669241, 85.6903684953409, 63.177156242180345, 71.76613370647053, 59.91461906734646, 68.88275445542709, 89.64679844288248, 63.74024162633152, 72.846752364427, 84.44949549652125, 70.3906988403895]
current_best_val = 0.17246431416200608
