de_sorted = [0.60049414 0.61869909 0.61943965 0.62037135 0.62135313 0.62415689
 0.62563723 0.62570541 0.62580873 0.62952595 0.63024539 0.63077137
 0.63078278 0.63083352 0.63204796 0.63244839 0.63286478 0.63354515
 0.63480475 0.63539865 0.63558939 0.63643702 0.6369308  0.63893051
 0.64266909 0.64563776 0.64982172 0.65147719 0.65550653]
steep_sorted = [0.70712122 0.7465632  0.7595697  0.76867068 0.78394214 0.7949509
 0.79577522 0.79704949 0.79783714 0.82644198 0.82760688 0.83023548
 0.83135834 0.83198981 0.83671242 0.83935946 0.84448365 0.84669381
 0.85317999 0.85636845 0.86576631 0.87366112 0.87744054 0.88141559
 0.88144998 0.88589838 0.89851088 0.91799286 0.92353187]
bfgs_sorted = [0.60493986 0.60590123 0.60772169 0.60842837 0.60978671 0.6124424
 0.61267282 0.61285196 0.61423633 0.61454044 0.61489498 0.61518736
 0.61546776 0.61554084 0.61561037 0.61600813 0.6173695  0.61868049
 0.61880263 0.61897685 0.61928003 0.61965569 0.61965713 0.62120072
 0.62341999 0.62383245 0.62424699 0.62849839 0.62977709]
chain_sorted = [0.60495596 0.60590123 0.60772223 0.60844674 0.60980075 0.6124446
 0.61267282 0.61285331 0.61424086 0.61454191 0.61489695 0.61518736
 0.61547992 0.61554111 0.61560343 0.61600813 0.61737    0.61869631
 0.61881091 0.61899443 0.61928452 0.6196743  0.61967947 0.6212019
 0.62345304 0.62383245 0.62424322 0.62850459 0.62979342]
ngchain_sorted = [0.60495596 0.60590123 0.60772223 0.60844674 0.60980075 0.6124446
 0.61267282 0.61285331 0.61424086 0.61454191 0.61489695 0.61518736
 0.61547992 0.61554111 0.61560343 0.61600813 0.61737    0.61869631
 0.61881091 0.61899443 0.61928452 0.6196743  0.61967947 0.6212019
 0.62345304 0.62383245 0.62424322 0.62850459 0.62979342]
current_best = [73.01892493612341, 89.6908622421955, 75.85757772828656, 86.2067361051581, 137.6577055376307, 90.11703605858567, 73.29775902368074, 91.39279683901488, 70.85590135758133, 101.58440302852247]
current_best_val = 0.5952475103560654
