de_sorted = [0.456026   0.45763123 0.46018016 0.46405324 0.46679376 0.46758428
 0.47344999 0.47458969 0.47619439 0.47671981 0.4767895  0.47703363
 0.47800942 0.47823907 0.48026133 0.48214694 0.48353778 0.48531414
 0.48680405 0.48742963 0.48991896 0.49038792 0.4915161  0.49330568
 0.49708516 0.49948185 0.50312514 0.50650889 0.50801795]
steep_sorted = [0.55615178 0.55702449 0.56147806 0.57059388 0.57415131 0.57645757
 0.58356681 0.5849573  0.58836538 0.5896474  0.60053286 0.60340984
 0.60847959 0.60937561 0.61398448 0.6157447  0.61882884 0.62068391
 0.62180609 0.62436008 0.62888472 0.63221858 0.6339897  0.63399785
 0.64056017 0.64125998 0.64544689 0.6610898  0.69991665]
bfgs_sorted = [0.44640659 0.44663996 0.45664614 0.46398904 0.46757191 0.4688631
 0.46970651 0.46988468 0.4705748  0.47112235 0.4715386  0.47354743
 0.47494149 0.47773902 0.47871785 0.4795667  0.47967382 0.47988607
 0.48034065 0.48131042 0.48134511 0.48210756 0.48263047 0.48609427
 0.49158962 0.49227222 0.49487758 0.49644155 0.51136768]
chain_sorted = [0.44640659 0.44663996 0.45664614 0.46398904 0.46757191 0.4688631
 0.46970651 0.46988468 0.4705748  0.47096736 0.47112235 0.4715386
 0.47322721 0.47354743 0.47494149 0.47773902 0.47871785 0.4795667
 0.47967382 0.47988607 0.48034065 0.48134511 0.48263047 0.48609427
 0.48886158 0.49158962 0.49227222 0.49487758 0.49644155]
ngchain_sorted = [0.44640659 0.44663996 0.45664614 0.46398904 0.46757191 0.4688631
 0.46970651 0.46988468 0.4705748  0.47096736 0.47112235 0.4715386
 0.47322721 0.47354743 0.47494149 0.47773902 0.47871785 0.4795667
 0.47967382 0.47988607 0.48034065 0.48134511 0.48263047 0.48609427
 0.48886158 0.49158962 0.49227222 0.49487758 0.49644155]
current_best = [163.09054486248334, 178.69214055678086, 174.50400637970495, 175.36305054598546, 179.3866217858686, 167.93444230666069, 174.3473463334651, 172.11743495944276, 175.99312869531016, 162.02265645333054, 137.71141929865365, 144.29742913339086, 136.82503645006935, 148.2333789363334, 158.134668332808, 133.48879769362048, 155.7590532199743, 133.69461995302487, 165.3680256683767, 131.94237269482144, 146.23676004847113, 116.1805372710843, 108.64419415172267, 121.62030661549308, 138.86412731771182, 125.55558993686076, 132.16522194279315, 101.38824430521157, 91.83541425729203, 106.76705081118023, 149.451530816851, 110.4311770596804, 126.48890773837617, 88.23465631717782, 82.04967533506311, 81.90119727879345, 112.53473484815386, 133.66870081852153, 82.29514486999277, 96.78180411752139, 88.9389692934348, 92.9257696711338, 94.84340876297728, 92.8395954554019, 95.10567800980029, 72.93004305663035, 76.91632502090249, 72.91220456551221, 72.70571867592476, 86.58256782231912]
current_best_val = 0.376513441076536
