de_sorted = [0.27323835 0.27692699 0.27850073 0.27893002 0.28079049 0.28290434
 0.28523301 0.29024418 0.29068187 0.29145464 0.29207102 0.29315264
 0.29322825 0.29374507 0.29411445 0.29493038 0.29820672 0.30039434
 0.30197426 0.30475358 0.30637067 0.30957077 0.30992391 0.31097495
 0.31229993 0.31414033 0.31515316 0.31545692 0.31568106]
steep_sorted = [0.42256411 0.47803147 0.51235041 0.5272514  0.53896112 0.55119105
 0.55475409 0.5648903  0.57228695 0.57954591 0.57960063 0.58045093
 0.5878153  0.60851616 0.61410229 0.61697046 0.6173892  0.62064536
 0.62570438 0.63884112 0.65938345 0.67066685 0.69029254 0.6988932
 0.71426446 0.71926547 0.73791103 0.7436032  0.75419688]
bfgs_sorted = [0.29286822 0.29342943 0.29535415 0.30199771 0.30493077 0.3070813
 0.30726049 0.30923127 0.31022582 0.31098949 0.31197038 0.31385272
 0.3141066  0.31642557 0.31922481 0.3222587  0.32248857 0.32306193
 0.32379592 0.32508664 0.32526874 0.32746941 0.32757083 0.32856013
 0.32976133 0.33653771 0.33749956 0.33839926 0.35982593]
chain_sorted = [0.28590449 0.29286822 0.2934049  0.29535415 0.29732696 0.30123999
 0.30204506 0.30397946 0.30496061 0.3070813  0.3072344  0.308001
 0.30892823 0.30921812 0.30974989 0.31098949 0.31140994 0.31161865
 0.31385272 0.3141066  0.31562573 0.31627278 0.31810976 0.32061793
 0.3222587  0.32253838 0.32265943 0.32856013 0.3298453 ]
ngchain_sorted = [0.28590449 0.29286822 0.2934049  0.29535415 0.29732696 0.30123999
 0.30204506 0.30397946 0.30496061 0.3070813  0.3072344  0.308001
 0.30892823 0.30921812 0.30974989 0.31098949 0.31140994 0.31161865
 0.31385272 0.3141066  0.31562573 0.31627278 0.31810976 0.32061793
 0.3222587  0.32253838 0.32265943 0.32856013 0.3298453 ]
current_best = [82.51378687501716, 74.44061785573795, 77.04607211914718, 69.27864224064555, 161.1018047805231, 95.56002114783821, 73.11682853486562, 80.90452884191943, 66.921826556132, 91.13719413231547, 169.43287549271935, 115.01090176200135, 55.25929797584804, 121.83847357487608, 138.4509120792827, 69.68547993394924, 78.08994515834506, 84.495923233266, 103.48203106912459, 122.02743901381572, 52.26008988871493, 94.37070649993318, 168.86424520857295, 85.17562309444996, 72.88939621790827, 74.27969683911753, 117.10325397860433, 89.82082709006964, 67.82169353005077, 83.98532974443133, 67.9861095526142, 92.17140504688251, 66.0698507001653, 108.71731755419795, 102.8832740736115, 90.52272915575129, 70.02302049881655, 73.95043014262143, 171.1618494365719, 90.8732063472497]
current_best_val = 0.24753794792569214
