de_sorted = [0.36539716 0.3663441  0.36831574 0.37802155 0.37982948 0.38092419
 0.38188799 0.3840315  0.38463552 0.38564488 0.3865102  0.38852235
 0.38899925 0.39059578 0.39244913 0.39371256 0.39546555 0.39865731
 0.4017367  0.40248081 0.40254189 0.40378908 0.40474778 0.40480042
 0.40654197 0.40945128 0.41036613 0.41206675 0.41478233]
steep_sorted = [0.47167145 0.47399639 0.47498619 0.48176815 0.48663273 0.49399475
 0.4976199  0.50584908 0.50605231 0.5177709  0.52071313 0.52350287
 0.52504295 0.53152927 0.53558468 0.5356821  0.5401878  0.54309077
 0.54458487 0.55087433 0.55299056 0.55463181 0.5557183  0.56748357
 0.56840705 0.57274653 0.57677964 0.57703009 0.58655192]
bfgs_sorted = [0.37746872 0.37869418 0.37933065 0.37978323 0.38099544 0.38108591
 0.38448576 0.38651876 0.38668633 0.3867352  0.38755034 0.38901542
 0.39125256 0.39236549 0.39402715 0.39518908 0.39556702 0.39598523
 0.39781449 0.39788605 0.39892293 0.40158995 0.40402898 0.40434943
 0.40475163 0.41221546 0.41331759 0.41539105 0.42639662]
chain_sorted = [0.37742522 0.37865308 0.37934184 0.37976588 0.38101735 0.38106758
 0.38423916 0.38448692 0.38668487 0.38673525 0.38756744 0.38901691
 0.38961114 0.39125075 0.39405278 0.39519    0.39547904 0.39598149
 0.3978144  0.39810468 0.39901493 0.40160364 0.40163402 0.40433217
 0.40474719 0.41219457 0.4133172  0.41534507 0.42638104]
ngchain_sorted = [0.37742522 0.37865308 0.37934184 0.37976588 0.38101735 0.38106758
 0.38423916 0.38448692 0.38668487 0.38673525 0.38756744 0.38901691
 0.38961114 0.39125075 0.39405278 0.39519    0.39547904 0.39598149
 0.3978144  0.39810468 0.39901493 0.40160364 0.40163402 0.40433217
 0.40474719 0.41219457 0.4133172  0.41534507 0.42638104]
current_best = [158.17455209203516, 177.38548084248802, 156.79690265271958, 170.45972450976774, 176.69317951009523, 174.3832828026525, 174.02346629282505, 178.08192741819326, 165.6646024424893, 149.5579985503724, 160.09980483466717, 125.13476023828565, 146.56875123972995, 93.40035547300468, 150.03260083561187, 122.3151030821543, 177.91578060796436, 143.96959592124628, 163.8163752575037, 145.1572808065638, 142.56313111622865, 111.08984458756292, 114.07570788108586, 152.59505556180468, 155.76665765130207, 163.14837426085703, 147.2742963674538, 144.02336627259714, 130.40030320230383, 117.73467353154905, 96.9159002038951, 118.41646541954702, 131.6678079124138, 125.4367202129883, 114.04938259419487, 138.83841453407248, 93.307417165204, 121.8153058267797, 117.8223932611764, 107.67162072521091, 98.74717500138566, 174.94560811092143, 159.2934665084791, 142.0647240765789, 165.38784279518347, 99.51520388820757, 89.0040588065508, 91.2377623817234, 121.12249532796476, 106.96579790995048, 138.98685497441758, 82.92773542575225, 95.83333528337519, 110.38257297120687, 85.46747234155652, 102.84758193043706, 74.26034235091656, 93.69923734391959, 112.5788405236608, 107.43736824015392, 93.89350288155936, 92.74712930000193, 90.6944225420952, 89.02670735834555, 75.78591208972216, 90.5102989469072, 76.6178040090527, 76.36673586597303, 65.38577853077047, 90.96679132724461]
current_best_val = 0.2811761139578564
