de_sorted = [0.00526    0.00526    0.00526    0.00526    0.00526005 0.00526021
 0.00526192 0.00526199 0.00526419 0.00526434 0.00526452 0.00526882
 0.00526949 0.00527271 0.0052748  0.00530819 0.00580053 0.00580053
 0.00580053 0.00580053 0.00580053 0.00580058 0.00580064 0.00580076
 0.005802   0.00639642 0.00640556 0.00643902 0.00643946]
steep_sorted = [0.02581956 0.03380032 0.03622777 0.03698109 0.03743997 0.0376384
 0.03815974 0.03928793 0.0395864  0.04044735 0.04066184 0.04151762
 0.0428949  0.04467143 0.0447129  0.04541786 0.04570463 0.04592449
 0.04626724 0.04663002 0.05088675 0.05117292 0.05123644 0.0519217
 0.05480317 0.05565052 0.05621543 0.06131418 0.06486562]
bfgs_sorted = [0.00526    0.00580053 0.00580053 0.00592613 0.00643902 0.00660574
 0.00705331 0.00705331 0.00705331 0.00710027 0.00710027 0.00714755
 0.00726106 0.00730211 0.00777739 0.00782916 0.00788127 0.00814451
 0.00863255 0.00863255 0.00874779 0.00951798 0.01001723 0.01067328
 0.01154883 0.011617   0.01164743 0.01264396 0.01427598]
chain_sorted = [0.00526    0.00526    0.00526    0.00526    0.00526    0.00526
 0.00526    0.00526    0.00526    0.00526    0.00526    0.00526
 0.00526    0.00526    0.00526    0.00526    0.00526    0.00526
 0.00526    0.00526    0.00526    0.00526    0.00526    0.00526
 0.00526    0.00580053 0.00580053 0.00580053 0.00580053]
ngchain_sorted = [0.00526    0.00526    0.00526    0.00526    0.00526    0.00526
 0.00526    0.00526    0.00526    0.00526    0.00526    0.00526
 0.00526    0.00526    0.00526    0.00526    0.00526    0.00526
 0.00526    0.00526    0.00526    0.00526    0.00526    0.00526
 0.00526    0.00580053 0.00580053 0.00580053 0.00580053]
current_best = [57.73501634597778, 70.71069240570068, 173.20507049560547, 70.71071147918701, 173.20507049560547, 70.71071147918701, 173.2050323486328, 70.71070194244385, 173.2050609588623, 70.71064472198486, 57.735066413879395, 70.71066856384277, 173.20514678955078, 70.71063995361328, 57.73501396179199, 70.71072101593018, 57.73501634597778, 70.71068286895752, 57.734997272491455, 70.71072101593018, 57.73498296737671, 70.71063995361328, 57.73505926132202, 70.71062564849854, 57.735047340393066, 70.71066379547119, 57.735047340393066, 70.7106351852417, 173.20510864257812, 70.7106876373291]
current_best_val = 0.005260003381216016
