de_sorted = [0.61297862 0.61378469 0.61574511 0.61825865 0.61957508 0.62157557
 0.62174252 0.62240663 0.62333098 0.62692768 0.62755594 0.62818007
 0.6283762  0.62855675 0.62864624 0.62883903 0.62897334 0.62961064
 0.63000047 0.63009448 0.63141719 0.63231429 0.6323619  0.63290135
 0.63320527 0.63408884 0.63629097 0.6366373  0.6366589 ]
steep_sorted = [0.72265431 0.72388053 0.72742698 0.73603529 0.73810842 0.73970746
 0.74443393 0.74764861 0.74964443 0.75264049 0.75551681 0.76318142
 0.76365597 0.76404941 0.76548009 0.76680811 0.77359749 0.7737926
 0.77558192 0.77670644 0.78095715 0.78270747 0.79246384 0.80149688
 0.80579665 0.81287292 0.83335392 0.83366499 0.83971929]
bfgs_sorted = [0.6124548  0.61559499 0.61659035 0.61778492 0.6182241  0.61876809
 0.61937075 0.62002518 0.62037609 0.62060974 0.62253041 0.62271857
 0.62303393 0.62382125 0.62396474 0.62409279 0.62535723 0.62655954
 0.62806718 0.62937677 0.62997645 0.63220381 0.63310337 0.63326629
 0.63466483 0.63882452 0.64332112 0.65396234 0.655203  ]
chain_sorted = [0.61244667 0.61562035 0.61661412 0.61778183 0.61823919 0.61876251
 0.61937315 0.62001459 0.62039605 0.62059792 0.6225252  0.62272259
 0.62303797 0.6238577  0.62397005 0.62412243 0.62536435 0.6265592
 0.62803142 0.62937423 0.62952855 0.62997656 0.63035502 0.63312964
 0.63468163 0.63882493 0.64320164 0.64877034 0.65034707]
ngchain_sorted = [0.61244667 0.61562035 0.61661412 0.61778183 0.61823919 0.61876251
 0.61937315 0.62001459 0.62039605 0.62059792 0.6225252  0.62272259
 0.62303797 0.6238577  0.62397005 0.62412243 0.62536435 0.6265592
 0.62803142 0.62937423 0.62952855 0.62997656 0.63035502 0.63312964
 0.63468163 0.63882493 0.64320164 0.64877034 0.65034707]
current_best = [85.55404935278834, 95.69480667976549, 66.49652712450904, 114.36298184281254, 153.5491686596642, 161.93958896398135, 179.78894006830353, 178.43520619353214, 151.39479430081406, 179.7609911403481, 174.85641240394187, 150.14656723120046, 138.95968432706496, 126.22519011732325, 140.29472939274638, 134.21324246269424, 125.87873174817148, 129.83736989808946, 142.65092777666743, 126.58962789731585]
current_best_val = 0.6013948726700779
