de_sorted = [0.40156786 0.40328272 0.40574092 0.40765002 0.40809755 0.40918843
 0.41033223 0.41414362 0.41489653 0.41613733 0.41916466 0.42209054
 0.42346953 0.42348844 0.42371244 0.42467688 0.42519346 0.42604638
 0.42666388 0.42738895 0.42782189 0.42877284 0.42877342 0.43017309
 0.43064028 0.4337599  0.43727399 0.43938279 0.44260234]
steep_sorted = [0.50947903 0.51433804 0.52697076 0.52783585 0.54056367 0.54112474
 0.5460078  0.54809188 0.55055541 0.55136757 0.55286824 0.55666438
 0.56174849 0.56478411 0.57382527 0.57622877 0.57638114 0.5766923
 0.58848195 0.59742977 0.59919759 0.59921084 0.6020101  0.6038136
 0.60654367 0.61210126 0.62049256 0.62238596 0.66492571]
bfgs_sorted = [0.40326925 0.40432836 0.40601058 0.41205476 0.41474999 0.41862994
 0.41891212 0.41987349 0.42053576 0.42203688 0.42217993 0.42343493
 0.42517238 0.42717007 0.42767523 0.42966731 0.43047827 0.43305052
 0.43437261 0.43609158 0.43615074 0.43675667 0.4374306  0.43851047
 0.43989576 0.440815   0.44100497 0.44169342 0.44647674]
chain_sorted = [0.40326925 0.40432836 0.40601058 0.41205476 0.41474999 0.41862994
 0.41891212 0.41987349 0.42053576 0.42203688 0.42217993 0.42343493
 0.42517238 0.42717007 0.42767523 0.42889325 0.42961615 0.42966731
 0.42983259 0.43047827 0.43305052 0.43437261 0.43609158 0.43615074
 0.4374306  0.43855126 0.43918396 0.440815   0.44647674]
ngchain_sorted = [0.40326925 0.40432836 0.40601058 0.41205476 0.41474999 0.41862994
 0.41891212 0.41987349 0.42053576 0.42203688 0.42217993 0.42343493
 0.42517238 0.42717007 0.42767523 0.42889325 0.42961615 0.42966731
 0.42983259 0.43047827 0.43305052 0.43437261 0.43609158 0.43615074
 0.4374306  0.43855126 0.43918396 0.440815   0.44647674]
current_best = [157.81349357907592, 171.3250652363697, 172.5316985439439, 173.6909435797452, 179.04737895166474, 171.44904175385074, 171.2473480250247, 166.47032736295668, 172.85054730713566, 166.67039111097776, 174.52402018054278, 143.12500285483065, 150.37142804458836, 135.7635647110639, 130.84536636410346, 146.63463091225628, 134.85370940288033, 154.5032761769044, 141.74527492053215, 148.2873328209059, 134.2922544012285, 108.79380092757144, 119.12652358240663, 100.92037304643165, 143.51225208389894, 123.90048271354927, 118.59352364055972, 119.03649300869087, 90.31352474524893, 118.09364461530211, 130.85032861470222, 123.61615377147855, 137.8791207299163, 95.24356706413683, 69.94436844197607, 101.77692642561095, 110.04402930035326, 137.41061402568155, 137.8079838968257, 127.11451011890541, 131.3545334686116, 93.80655879010315, 68.40870321384607, 82.32256385796447, 80.34155907500514, 89.75951556073427, 136.75084261870165, 114.4269023174441, 93.10011852605703, 97.56995131683456, 92.73761441857587, 92.78290071037144, 96.39549179961986, 94.40420027034372, 84.31705516870038, 71.83935286224339, 83.83775789057805, 52.131223057836024, 77.8616674138371, 73.60505866334263]
current_best_val = 0.32303436960116133
