de_sorted = [0.4373736  0.43811465 0.44627678 0.45008146 0.45191614 0.45289389
 0.45392704 0.45650243 0.45867446 0.45968369 0.46281537 0.46316188
 0.46477334 0.46493401 0.46699383 0.46856607 0.46904571 0.47433295
 0.47483223 0.47675698 0.47815376 0.47834032 0.47842464 0.48057844
 0.48078832 0.48134783 0.48261004 0.48332251 0.49350175]
steep_sorted = [0.55987914 0.56580845 0.57557053 0.5800786  0.59033698 0.60848452
 0.61012592 0.61867819 0.62485073 0.63261687 0.63678931 0.65608129
 0.65937726 0.65951341 0.6669418  0.66861406 0.67467014 0.67760476
 0.68014665 0.6848751  0.69376869 0.69648429 0.69901398 0.70806091
 0.71881596 0.73469874 0.73640022 0.74003051 0.74562376]
bfgs_sorted = [0.44264361 0.44638899 0.44869431 0.45213407 0.4540422  0.45645531
 0.45726661 0.45775509 0.4592413  0.4592733  0.46078475 0.46101126
 0.46101507 0.46168008 0.46208276 0.46223289 0.4634166  0.46383407
 0.46410197 0.46415343 0.46509425 0.46570591 0.46603084 0.46757909
 0.46889409 0.46967007 0.47013059 0.47199665 0.47732355]
chain_sorted = [0.44264361 0.44638899 0.44869431 0.45213407 0.45391375 0.4540422
 0.45645531 0.45726661 0.45775509 0.4592413  0.4592733  0.46078475
 0.46101126 0.46101507 0.46168008 0.46208276 0.46223289 0.46383407
 0.46410197 0.46415343 0.46509425 0.46570591 0.46603084 0.46757909
 0.46889409 0.46967007 0.47013059 0.47073616 0.47732355]
ngchain_sorted = [0.44264361 0.44638899 0.44869431 0.45213407 0.45391375 0.4540422
 0.45645531 0.45726661 0.45775509 0.4592413  0.4592733  0.46078475
 0.46101126 0.46101507 0.46168008 0.46208276 0.46223289 0.46383407
 0.46410197 0.46415343 0.46509425 0.46570591 0.46603084 0.46757909
 0.46889409 0.46967007 0.47013059 0.47073616 0.47732355]
current_best = [79.95531521636111, 95.53004600950459, 136.91325233754353, 148.974788179109, 108.87218034543454, 94.8015518455214, 111.15774102346585, 139.6052762382687, 109.71854082437127, 101.74108730701711, 98.55658733704756, 137.13737060756375, 125.23592440708174, 106.81575722850413, 82.2665719829415, 95.21864783989442, 83.84920381494472, 96.00119537568591, 86.5786142144305, 93.86196240162606, 117.12552133153504, 108.30269589540178, 80.92018677345649, 87.16988054005536, 67.57607375194576, 84.12875489937778, 60.794355315045195, 86.12876028342879, 56.25480481389624, 91.85707694150246]
current_best_val = 0.40480707331849924
