de_sorted = [0.1372896  0.15176199 0.15720695 0.15743873 0.15780002 0.16094978
 0.16139157 0.16344282 0.16510611 0.16610014 0.16824689 0.16889783
 0.16940889 0.16984552 0.17132827 0.17203013 0.17311849 0.17367767
 0.17385719 0.17468871 0.17599848 0.1763236  0.18118507 0.18209288
 0.1844604  0.1854538  0.18574762 0.18811428 0.19216475]
steep_sorted = [0.36472035 0.36932956 0.37231926 0.38010404 0.39192598 0.39197106
 0.40319622 0.41367411 0.41512796 0.41691915 0.42136873 0.42275384
 0.42573577 0.42916303 0.43324979 0.43642581 0.43701123 0.44345299
 0.44960349 0.4511382  0.45794631 0.46787214 0.48487006 0.50019648
 0.50770825 0.51204362 0.53139531 0.54312163 0.55840017]
bfgs_sorted = [0.17504957 0.17990487 0.1819316  0.18214818 0.18322546 0.18345235
 0.18399006 0.18527309 0.18747113 0.18967347 0.19274522 0.19878533
 0.19924431 0.20161517 0.20295878 0.20466004 0.20486982 0.20495784
 0.20573379 0.20642574 0.20742592 0.20881736 0.20924629 0.21075819
 0.21132979 0.21633336 0.21768428 0.21885793 0.22739448]
chain_sorted = [0.1538689  0.17505484 0.17539697 0.17943036 0.17984329 0.18193367
 0.18211028 0.18320732 0.18344754 0.18393227 0.18424133 0.18526671
 0.18747663 0.18860134 0.18991266 0.19039959 0.19069691 0.19180052
 0.19200932 0.19272302 0.19318521 0.19618447 0.19924225 0.2047187
 0.2048255  0.20642473 0.2074294  0.21370928 0.21768479]
ngchain_sorted = [0.1538689  0.17505484 0.17539697 0.17943036 0.17984329 0.18193367
 0.18211028 0.18320732 0.18344754 0.18393227 0.18424133 0.18526671
 0.18747663 0.18860134 0.18991266 0.19039959 0.19069691 0.19180052
 0.19200932 0.19272302 0.19318521 0.19618447 0.19924225 0.2047187
 0.2048255  0.20642473 0.2074294  0.21370928 0.21768479]
current_best = [67.25492847674802, 39.56105430202839, 100.39197137285238, 138.6771448609873, 131.36333710109602, 79.81600358864337, 69.79376980893653, 83.78558162607567, 61.26110687792891, 74.35943069744758, 50.46462855361169, 100.42138748915376, 112.66630880587293, 138.816101130568, 152.70420503613576, 81.53500864114838, 70.7253771940784, 73.85850384147093, 80.36104930063524, 87.1548828868869, 98.41699489595727, 91.82927625918501, 128.29624168855224, 117.75543996079068, 152.78361408997597, 95.12756982529517, 56.91659373210693, 109.18779096172726, 130.01787414046325, 92.37572209822137, 86.11535421086103, 72.08126461855464, 78.71690893990126, 90.51560648244812, 102.2494762497505, 126.61329968627236, 121.93211486111663, 81.99051686741134, 71.66305628733197, 103.16635828106192, 123.33313489566486, 86.62931674145185, 72.6514296549827, 93.33545045772684, 87.44285080840373, 66.06079167380982, 113.41090010838161, 110.4719747611054, 123.94601295881702, 96.03197181180194, 68.31144952108932, 70.06872535416953, 86.73194296731467, 121.22060910243589, 114.12483701648955, 91.13979824736182, 63.06095584816473, 75.64986268764194, 73.0396814931334, 92.06535968901667, 93.07609235314375, 108.36369644917222, 71.3401465039762, 71.33289242394049, 63.98674516345653, 72.23359182009764, 78.45348455655225, 75.92386258404171, 97.4600616557088, 83.11504279634369, 106.40262990398139, 70.59290601832271, 71.65266106558367, 98.51551598038519, 144.27529529372342, 87.12323878530908, 80.66020874075049, 64.10941793835418, 84.7550698908988, 87.29209365379722]
current_best_val = 0.1194542222745933
