de_sorted = [0.32021174 0.32187458 0.32394258 0.32479961 0.3258019  0.33181044
 0.33299181 0.33782386 0.33923382 0.33964874 0.34565172 0.34648152
 0.3473268  0.34804096 0.34811317 0.34869716 0.35070925 0.35090744
 0.35091847 0.35098695 0.3510073  0.35522703 0.35546831 0.35706603
 0.35997862 0.36538199 0.36968751 0.3771021  0.38112367]
steep_sorted = [0.51738942 0.52378847 0.55106764 0.55134135 0.56477316 0.56941192
 0.57122313 0.57837269 0.58739613 0.59960417 0.60442563 0.60523799
 0.60911377 0.62127434 0.62504679 0.62592204 0.62917488 0.63346059
 0.6357398  0.63949579 0.64021267 0.65349729 0.66212425 0.6912823
 0.69357035 0.70408961 0.71423823 0.73332627 0.76874012]
bfgs_sorted = [0.31226526 0.32695105 0.32762318 0.33166343 0.33190735 0.33280369
 0.33435942 0.33500722 0.3382913  0.33899714 0.344918   0.34530908
 0.34849196 0.34926309 0.35111137 0.35353121 0.35394794 0.35681675
 0.35685089 0.35865478 0.36016219 0.360262   0.36028001 0.36122967
 0.36431026 0.3656047  0.37245102 0.38158536 0.39312294]
chain_sorted = [0.31226526 0.32695105 0.32762318 0.33166343 0.33190735 0.33280369
 0.33435942 0.33500722 0.33655187 0.3382913  0.33899714 0.34450056
 0.34485031 0.344918   0.34530908 0.34926309 0.35111137 0.35353121
 0.35394794 0.35685089 0.35865478 0.36016219 0.360262   0.36028001
 0.36122967 0.36375147 0.37245102 0.38158536 0.39312294]
ngchain_sorted = [0.31226526 0.32695105 0.32762318 0.33166343 0.33190735 0.33280369
 0.33435942 0.33500722 0.33655187 0.3382913  0.33899714 0.34450056
 0.34485031 0.344918   0.34530908 0.34926309 0.35111137 0.35353121
 0.35394794 0.35685089 0.35865478 0.36016219 0.360262   0.36028001
 0.36122967 0.36375147 0.37245102 0.38158536 0.39312294]
current_best = [50.91994227082293, 97.3881395984666, 123.26576700809618, 107.06069274594277, 87.9177562645921, 103.31943168667145, 87.09406202198502, 116.5754483295965, 89.56124318548923, 94.48524290157889, 58.99462538126142, 95.56252067718167, 86.12624918811262, 102.02598114012801, 147.8961727383639, 83.12520921385442, 96.89452932315159, 97.28025944341978, 79.97392074907638, 103.68643070120291, 74.97612447349559, 67.30742554709443, 69.35083677406232, 97.94030952639207, 77.24036023045674, 95.87677357912854, 67.38190417259399, 96.00748234680783, 83.95683649006794, 79.78066484177495, 129.45574216331596, 106.9271038300848, 71.33907504795366, 72.38771905073014, 71.83905840893813, 73.11922657092744, 75.23301155889936, 72.07755563565615, 56.940994259347875, 92.1407138944929]
current_best_val = 0.2387956026278473
