de_sorted = [0.37344531 0.37833026 0.38105102 0.38467489 0.38491917 0.38748553
 0.38901119 0.3932552  0.39598364 0.39706787 0.39809862 0.40197964
 0.40201293 0.40219266 0.40340926 0.40821435 0.40982973 0.41119932
 0.41234944 0.41432156 0.41608551 0.41635432 0.41755654 0.41826457
 0.41901254 0.42346566 0.42352653 0.42633897 0.42890329]
steep_sorted = [0.47670613 0.47810104 0.48689907 0.49268464 0.49310188 0.4946964
 0.49657456 0.49833584 0.49961526 0.50221341 0.50731815 0.50967025
 0.5116081  0.51986463 0.52248009 0.52614397 0.5295538  0.53192649
 0.54179671 0.54353304 0.54457774 0.54913707 0.55475298 0.57563362
 0.58318414 0.58331959 0.58572958 0.58793726 0.59763211]
bfgs_sorted = [0.37479403 0.37856851 0.38100282 0.38657703 0.38998289 0.39160224
 0.39511604 0.39548225 0.39578553 0.39654486 0.39655348 0.39681122
 0.39755319 0.39934832 0.4001834  0.40861936 0.40915134 0.40935901
 0.4113595  0.41167672 0.41210966 0.41482002 0.41883198 0.41907432
 0.42084122 0.422945   0.42304381 0.42427109 0.43428324]
chain_sorted = [0.37479403 0.37856851 0.38100282 0.38657703 0.38998289 0.39160224
 0.39511604 0.39548225 0.39578553 0.39654486 0.39655348 0.39681122
 0.39755319 0.39934832 0.4001834  0.40429047 0.40861936 0.40915134
 0.40933514 0.40935901 0.41167672 0.41482002 0.416757   0.41883198
 0.41907432 0.42084122 0.422945   0.42360862 0.43428324]
ngchain_sorted = [0.37479403 0.37856851 0.38100282 0.38657703 0.38998289 0.39160224
 0.39511604 0.39548225 0.39578553 0.39654486 0.39655348 0.39681122
 0.39755319 0.39934832 0.4001834  0.40429047 0.40861936 0.40915134
 0.40933514 0.40935901 0.41167672 0.41482002 0.416757   0.41883198
 0.41907432 0.42084122 0.422945   0.42360862 0.43428324]
current_best = [176.64673758136007, 164.32360970638146, 161.7099558552087, 169.98570091935815, 177.0996931623469, 165.07870721510378, 178.3286443044921, 168.54195928712667, 160.5568645042277, 134.84812013129664, 133.80393742071823, 130.94075779282218, 136.98020346281592, 139.18500107336664, 155.77461366154225, 143.24985987400564, 149.49228452093436, 134.298059602554, 141.30639116957593, 132.83667791608067, 144.89083339840258, 98.93053276251531, 94.05974739413674, 108.96606998423238, 150.62847409233495, 155.5739452410947, 166.0015104757846, 146.22833808742124, 135.01771638700325, 129.15832189829905, 132.34516271471733, 100.56065782181199, 87.08571304437281, 91.62647152610859, 116.75484816254097, 121.68997476536248, 143.1559720321588, 133.37256599645156, 141.4316346444009, 126.0651680782119, 112.5745490590565, 111.68460004639658, 139.47891569016562, 91.91885014851421, 75.32947804256304, 83.92015171500097, 112.34230005740726, 148.4864546117395, 168.05852907936688, 143.50618240614662, 91.13421379358492, 82.3188849484903, 94.62015855315855, 109.57903701170017, 111.05531008833886, 117.64177852753838, 82.18310385994313, 104.09903000570102, 106.52250949829843, 102.95296682899243, 83.07906068301473, 81.41631098817028, 72.56667594526373, 75.19997182593015, 66.84951043243478, 84.80050926837549, 83.24315918339865, 80.62012464535601, 100.82389788926173, 92.26921542139131]
current_best_val = 0.31615292400784284
