de_sorted = [0.19484918 0.20151956 0.20344964 0.20877564 0.21077405 0.21079629
 0.21282939 0.21322548 0.21328435 0.21394073 0.21398374 0.21459214
 0.2168651  0.21690227 0.21691495 0.21949353 0.2196077  0.21987127
 0.22002762 0.22185521 0.22188199 0.22274576 0.22642699 0.22752892
 0.22806114 0.22887933 0.2299713  0.23123697 0.23410223]
steep_sorted = [0.32875441 0.35454416 0.36899616 0.37193588 0.37790245 0.37889921
 0.38223484 0.38528478 0.39850247 0.40329643 0.40791196 0.40902184
 0.41323689 0.41408207 0.41535952 0.41730154 0.41852416 0.42065552
 0.42288029 0.42420957 0.42850395 0.43916455 0.44602161 0.46765698
 0.47836255 0.48168983 0.48328179 0.49841061 0.55120611]
bfgs_sorted = [0.21161316 0.21266398 0.21577599 0.21716259 0.21772386 0.21932522
 0.22076225 0.22109371 0.22328243 0.22437822 0.22826325 0.22928775
 0.22952625 0.22955563 0.23215266 0.23271141 0.23371403 0.23506924
 0.23519503 0.23575079 0.23610996 0.23843206 0.23946558 0.23981964
 0.24039672 0.24100731 0.24137435 0.24294093 0.24885173]
chain_sorted = [0.21161316 0.21240784 0.21266398 0.2128785  0.21399026 0.21577599
 0.21716259 0.21772386 0.22076225 0.22084291 0.22109371 0.22290071
 0.22328243 0.22437822 0.22573435 0.22584644 0.22759968 0.22876247
 0.22928775 0.22937332 0.23123206 0.23142266 0.23182603 0.23271141
 0.23371403 0.23506924 0.23575079 0.23946558 0.23981964]
ngchain_sorted = [0.21161316 0.21240784 0.21266398 0.2128785  0.21399026 0.21577599
 0.21716259 0.21772386 0.22076225 0.22084291 0.22109371 0.22290071
 0.22328243 0.22437822 0.22573435 0.22584644 0.22759968 0.22876247
 0.22928775 0.22937332 0.23123206 0.23142266 0.23182603 0.23271141
 0.23371403 0.23506924 0.23575079 0.23946558 0.23981964]
current_best = [85.4487970782254, 62.52875823687222, 91.31203664392461, 49.30130887889637, 76.66493095492159, 62.48181186263176, 61.67633871932938, 88.89150572665538, 73.01485990378117, 107.57103864646959, 124.67210483036581, 106.1078369612423, 156.64704612652582, 77.68639571434147, 127.23046082341676, 91.47391482801959, 91.76997395344668, 48.308071774921046, 89.94432649183408, 88.82737891496987, 98.14591986271819, 61.90434239795832, 145.61389800622268, 134.90004440326433, 78.00766519665711, 120.21063326345704, 128.14635614127553, 143.64071952150505, 95.00870415031306, 112.76071401556132, 56.08795717100552, 76.33498653124927, 133.61762084880417, 46.24924104843714, 115.65569526479007, 112.20914824600845, 80.6688400461442, 109.28038223624415, 144.27294463742552, 95.05966095902852, 104.41326969674162, 82.91441207875715, 66.65638507704061, 88.36644989380262, 129.55101005418572, 101.38838279978538, 82.800141236572, 105.3170713657188, 27.570675126227457, 82.16554783917158, 101.3581717592172, 89.19049550862418, 125.21676465824221, 80.45770217639355, 96.53665713137768, 110.73982969158196, 94.15294862978908, 105.64068646212837, 131.24947961517884, 98.58564250611764, 97.19084028639698, 97.07024418998381, 139.3384585990231, 127.60232474161775, 77.33882427894781, 120.4815899002341, 130.92904744394323, 163.09724285684646, 99.52263988748446, 121.57881087639001, 121.00513127090547, 90.50488812145082, 139.61598377632006, 105.04556180947574, 113.56348605811212, 135.17587800053894, 74.42980832256792, 100.71836732749063, 57.097981716319865, 85.8608869416462]
current_best_val = 0.19484918354877354
