de_sorted = [0.18407887 0.20792837 0.21816831 0.21889548 0.21894812 0.21954133
 0.22030148 0.22039355 0.22115664 0.22162985 0.22531682 0.22566574
 0.22890423 0.2297046  0.23018426 0.23220212 0.23507954 0.23562462
 0.23574539 0.2383104  0.23970744 0.24120323 0.24255312 0.24874809
 0.24942792 0.25054934 0.25062629 0.25308245 0.2557527 ]
steep_sorted = [0.44931341 0.4803596  0.48303811 0.48779782 0.48799725 0.49149181
 0.49767026 0.49965316 0.50198243 0.50864146 0.50899604 0.5163251
 0.51907414 0.52000894 0.52136337 0.52826665 0.53506439 0.54828654
 0.55330023 0.55446577 0.56190335 0.56217456 0.57577666 0.57644776
 0.58029192 0.58981947 0.599983   0.61041245 0.61196879]
bfgs_sorted = [0.19384779 0.20932902 0.22511619 0.22618091 0.23192656 0.23791231
 0.23952645 0.24032505 0.24104029 0.24358056 0.24362083 0.24521292
 0.24573279 0.24718772 0.24741566 0.25074517 0.25083124 0.25274005
 0.25276027 0.25482862 0.25496928 0.25748052 0.25749709 0.25904128
 0.2594068  0.26050867 0.26241561 0.26795255 0.26976222]
chain_sorted = [0.19384747 0.20932718 0.2251134  0.22622924 0.23050614 0.23190337
 0.23247236 0.23544579 0.23743675 0.23789715 0.2388072  0.23952394
 0.24106074 0.24123032 0.24124322 0.24521447 0.24573011 0.24719052
 0.24740061 0.24964997 0.25274193 0.25276016 0.25348799 0.25482529
 0.25496974 0.25903368 0.2604577  0.26241204 0.26794494]
ngchain_sorted = [0.19384747 0.20932718 0.2251134  0.22622924 0.23050614 0.23190337
 0.23247236 0.23544579 0.23743675 0.23789715 0.2388072  0.23952394
 0.24106074 0.24123032 0.24124322 0.24521447 0.24573011 0.24719052
 0.24740061 0.24964997 0.25274193 0.25276016 0.25348799 0.25482529
 0.25496974 0.25903368 0.2604577  0.26241204 0.26794494]
current_best = [56.28964265689923, 70.34460457556126, 132.1102927578377, 134.8298495696874, 168.76467564939708, 73.51815347593764, 60.20679135119975, 73.18789919319066, 74.7671157414648, 72.12594668063267, 73.75191913301782, 91.04798310870324, 126.09419229832976, 143.2379068635093, 141.94373872414513, 76.63571941238176, 59.53877391036876, 82.20944474039075, 82.09278886375598, 62.27429701072995, 89.0615723634238, 88.89586185610656, 79.0101530864974, 92.23793051839685, 90.73096383515063, 143.26696788735723, 98.32110752559025, 127.25644213074534, 96.66115315776594, 87.592108496478, 80.0580800266738, 91.8023550425406, 99.68040885191384, 107.45205995303226, 93.93500957699624, 81.68835084024987, 73.16373793502498, 90.15642069751495, 77.30781569535277, 67.94799619143181, 65.41699369589898, 84.61898832531857, 85.41165258952326, 104.5014953999331, 107.2864364839761, 97.91630476367621, 86.02803864508293, 84.99328734312358, 87.81415022624886, 80.71908282960925, 102.65073221318846, 87.2256555741824, 140.3352539912394, 87.27105381561705, 67.57095600041382, 83.55579862046304, 73.08410596427612, 78.30345082400197, 55.45444823766839, 89.11221048603976]
current_best_val = 0.14936989563937864
