de_sorted = [0.22833307 0.22969886 0.23875411 0.23877431 0.23884544 0.23894883
 0.23918513 0.24021909 0.24122552 0.24582806 0.2485242  0.24909735
 0.25116521 0.25174506 0.25300141 0.25500011 0.25516766 0.25623837
 0.25740202 0.25786813 0.26387804 0.26583056 0.27084887 0.27775038
 0.27860168 0.27908656 0.27915608 0.27960043 0.2829854 ]
steep_sorted = [0.39941393 0.44546466 0.4626051  0.46285367 0.46539568 0.4676721
 0.47184311 0.47226676 0.47780202 0.47834568 0.49676078 0.51100522
 0.51390776 0.52303497 0.5255341  0.54318193 0.54459954 0.54599291
 0.55000937 0.55425899 0.56753308 0.56785975 0.57391017 0.58163994
 0.58568752 0.59329102 0.59490397 0.62865356 0.64090761]
bfgs_sorted = [0.23453306 0.24042662 0.24145877 0.24306099 0.24890089 0.25203465
 0.25548052 0.25562393 0.25748906 0.25841593 0.25912118 0.26396033
 0.26476428 0.26590367 0.26925832 0.26949345 0.26975166 0.27195405
 0.27247306 0.27399812 0.27684009 0.28014509 0.28068455 0.28243569
 0.28407371 0.28421739 0.28481594 0.28510309 0.28683284]
chain_sorted = [0.23453306 0.24042662 0.24145877 0.24306099 0.24534049 0.24890089
 0.25203465 0.25548052 0.25562393 0.25734283 0.25748906 0.25841593
 0.25912118 0.2605524  0.26396033 0.26476428 0.26590367 0.26925832
 0.26949345 0.27071683 0.27195405 0.27399812 0.28014509 0.28068455
 0.28407371 0.28421739 0.28481594 0.28510309 0.28683284]
ngchain_sorted = [0.23453306 0.24042662 0.24145877 0.24306099 0.24534049 0.24890089
 0.25203465 0.25548052 0.25562393 0.25734283 0.25748906 0.25841593
 0.25912118 0.2605524  0.26396033 0.26476428 0.26590367 0.26925832
 0.26949345 0.27071683 0.27195405 0.27399812 0.28014509 0.28068455
 0.28407371 0.28421739 0.28481594 0.28510309 0.28683284]
current_best = [73.94399790997959, 57.74259300638304, 82.78405725283109, 134.7767128168963, 131.8848748320309, 65.33012023086663, 74.37500568054381, 60.228741490783385, 94.42702644822812, 80.84153762595193, 63.88680855255497, 50.90577880972837, 107.36690543204108, 119.30100801449949, 105.84982205698309, 90.84399174003546, 71.0625600231517, 103.38540244474501, 74.79937896337121, 84.54868584100659, 89.68292094389055, 70.20768177002621, 120.19173556422784, 119.27145439433168, 137.31647375105777, 99.38730677594154, 73.92517167499281, 81.32831257463062, 133.15231046970123, 79.2109712505303, 91.18990954553601, 76.24115767655631, 73.75222709842599, 84.4041675639882, 130.72034022844167, 95.83464564135701, 145.8572399278796, 87.15391148401365, 81.43336392364368, 87.9361749046736, 108.96634795800078, 87.64848837641202, 84.15335112863626, 74.93469527044655, 76.89683241270451, 78.20231397299209, 67.51212278597879, 81.81861923204598, 64.63518814213295, 73.80445455695555, 53.69291718197367, 77.17510754630052, 62.24276134287638, 92.24195969756178, 103.15685021566117, 82.88995658347865, 80.36834869259447, 98.35671741814734, 87.95273917369406, 83.92383261429298]
current_best_val = 0.16499128767616889
