de_sorted = [0.33892887 0.34519127 0.34933905 0.35103202 0.35135632 0.35238288
 0.35412263 0.35630377 0.35937407 0.36023728 0.36261015 0.36284089
 0.36340347 0.36565419 0.36634067 0.36672135 0.36864656 0.36932941
 0.37014224 0.3706466  0.37157133 0.37222127 0.3726345  0.37286604
 0.37386461 0.37626376 0.38158791 0.38256784 0.38782732]
steep_sorted = [0.41910989 0.44731152 0.45129769 0.45942359 0.46823058 0.48532826
 0.48886727 0.48985211 0.49138821 0.49285828 0.49601297 0.50391882
 0.5066263  0.507377   0.50903318 0.52460649 0.52571792 0.52694124
 0.53041241 0.53061679 0.53519233 0.53974811 0.53994604 0.54035671
 0.5515085  0.55866175 0.57032375 0.5756046  0.57823182]
bfgs_sorted = [0.33627047 0.33967349 0.34413354 0.34564662 0.34805286 0.34926422
 0.35244875 0.35268454 0.35358712 0.3559374  0.35678103 0.35686925
 0.35891412 0.36046998 0.36079431 0.36146309 0.36179692 0.36284803
 0.36464302 0.36482308 0.36554997 0.36701628 0.36718222 0.36881853
 0.36977407 0.3705235  0.37232097 0.37546477 0.37840679]
chain_sorted = [0.33627047 0.33891062 0.33967349 0.34413354 0.34564662 0.34805286
 0.34926422 0.35244875 0.35268454 0.35358712 0.3559374  0.35678103
 0.35686925 0.35891412 0.36046998 0.36079431 0.36146309 0.36179692
 0.36284803 0.36464302 0.36482308 0.36701628 0.36718222 0.36881853
 0.36977407 0.3705235  0.37232097 0.37546477 0.37840679]
ngchain_sorted = [0.33627047 0.33891062 0.33967349 0.34413354 0.34564662 0.34805286
 0.34926422 0.35244875 0.35268454 0.35358712 0.3559374  0.35678103
 0.35686925 0.35891412 0.36046998 0.36079431 0.36146309 0.36179692
 0.36284803 0.36464302 0.36482308 0.36701628 0.36718222 0.36881853
 0.36977407 0.3705235  0.37232097 0.37546477 0.37840679]
current_best = [179.62117458473523, 161.5451426349321, 179.23646390259427, 175.4382868699543, 172.8514137386279, 169.8881960089381, 139.6598298337116, 133.928353019862, 141.20703896721528, 98.52813905422585, 125.25418937660851, 150.8424955709671, 141.22747337983168, 168.25668916185924, 158.7610903470683, 175.36952841637066, 148.60587858096213, 143.15996882463196, 146.65640206405925, 141.44369627391328, 139.18223029198597, 98.46352849380195, 132.21969712910362, 155.74332534942369, 113.30872555447417, 138.1252544264758, 135.55906574181674, 150.19406330503446, 167.39588844797842, 124.310061429792, 124.30219013541414, 105.70335155537694, 74.60100238078745, 87.53194615530049, 148.32938052747684, 133.96444581078902, 137.99172945360866, 112.06293908458953, 89.34740088139998, 79.56860515521205, 94.18218108978179, 149.3172845477005, 121.06156848684407, 100.16524072991005, 102.4291813116002, 100.5820438795807, 110.14164864552302, 116.04477772329776, 153.4276218326717, 131.87523182291523, 179.6114610250805, 130.2832817595206, 121.05826223470281, 98.36516282585328, 71.04999240371937, 113.15516936320775, 88.6291105883417, 119.79646161592754, 107.94501457658505, 56.54908818179624, 79.81905666934837, 102.5598530069639, 81.70966971265871, 114.94762393146964, 77.08708651322904, 138.949069974887, 114.56386432086026, 64.07550564525685, 89.93361936078043, 74.84148855404702, 62.124875659711, 94.7787268424649, 58.51514152929457, 72.59736448330652, 69.37807015984065, 78.68917908942946, 98.11179613584635, 86.17372048229217, 79.62737794666171, 102.09208963590498]
current_best_val = 0.2739431516153424
