de_sorted = [0.66195591 0.66220328 0.66259873 0.66291608 0.66326897 0.66351444
 0.66386545 0.66398515 0.66416431 0.66425937 0.66470038 0.66480687
 0.66484917 0.66536984 0.66566253 0.66646276 0.66663422 0.66667756
 0.66675663 0.66720844 0.66722695 0.66760468 0.66863822 0.6691155
 0.66918181 0.66963645 0.67004015 0.67014804 0.67255591]
steep_sorted = [0.73665365 0.73853229 0.74613828 0.75588739 0.76066549 0.76533488
 0.77419992 0.77939589 0.77974091 0.78283848 0.78579209 0.78924915
 0.80710969 0.80792345 0.81209626 0.81555825 0.81951623 0.82127138
 0.83079543 0.84080562 0.84352967 0.84498629 0.85164713 0.85400613
 0.85442191 0.860667   0.86354223 0.87535814 0.90761494]
bfgs_sorted = [0.65954335 0.65962947 0.66008155 0.66014037 0.66081783 0.66134256
 0.66175413 0.6619697  0.6624331  0.6624548  0.66256818 0.66300677
 0.66331176 0.66336797 0.66395998 0.66396487 0.66484381 0.66520019
 0.66591372 0.66599929 0.66607446 0.66646796 0.66707065 0.66809
 0.66959758 0.67007544 0.67479192 0.68109876 0.68365319]
chain_sorted = [0.65954487 0.65962318 0.66008601 0.66013043 0.66083001 0.66134286
 0.66175394 0.66197022 0.66244115 0.66246412 0.66256126 0.66301965
 0.66331255 0.66337044 0.66396607 0.66396749 0.66484432 0.66520142
 0.66593042 0.66593587 0.66601168 0.66607386 0.66647057 0.66707088
 0.66746283 0.66777735 0.66809061 0.67006703 0.67479179]
ngchain_sorted = [0.65954487 0.65962318 0.66008601 0.66013043 0.66083001 0.66134286
 0.66175394 0.66197022 0.66244115 0.66246412 0.66256126 0.66301965
 0.66331255 0.66337044 0.66396607 0.66396749 0.66484432 0.66520142
 0.66593042 0.66593587 0.66601168 0.66607386 0.66647057 0.66707088
 0.66746283 0.66777735 0.66809061 0.67006703 0.67479179]
current_best = [77.50547138671476, 92.68535382565692, 178.59012841250265, 103.6204896359463, 104.32175951201364, 116.56663844996127, 93.99307263795953, 125.04473568944192, 91.2509553768227, 101.61471457798818]
current_best_val = 0.6582321887425968
