de_sorted = [0.35950666 0.36327482 0.36640485 0.36690815 0.37311406 0.37330027
 0.37404855 0.37407658 0.38089684 0.38129614 0.38153652 0.38167716
 0.38260267 0.38288343 0.38291662 0.38627644 0.38733044 0.38794147
 0.39137967 0.39149215 0.39157546 0.39208377 0.39304248 0.39599522
 0.39635297 0.3964425  0.39823373 0.39931788 0.40922414]
steep_sorted = [0.49905887 0.51391386 0.52367877 0.52986647 0.53545699 0.53793724
 0.55339992 0.55363751 0.56014135 0.56366194 0.57006413 0.57210132
 0.57228117 0.57544306 0.57932902 0.57999709 0.58088297 0.5815764
 0.58217156 0.59720131 0.60395308 0.60678136 0.60715948 0.6129048
 0.61825104 0.62686087 0.65583555 0.66250346 0.69034394]
bfgs_sorted = [0.36626834 0.36766903 0.37390276 0.37527409 0.37902505 0.37915958
 0.38033436 0.38176357 0.38216208 0.38346203 0.38349889 0.38410474
 0.38476077 0.38692309 0.38932385 0.39015718 0.39091887 0.39115122
 0.39142243 0.39181312 0.39314881 0.39364    0.39433163 0.39477533
 0.39691766 0.39698514 0.40036781 0.40178592 0.40272467]
chain_sorted = [0.36625255 0.36766847 0.36840918 0.37390463 0.37525904 0.37903324
 0.37919045 0.38035097 0.38170557 0.38215622 0.38335018 0.38352455
 0.38407509 0.38473845 0.38571844 0.38677246 0.38692084 0.38931477
 0.39015722 0.39047671 0.39091532 0.39117651 0.39181283 0.39363212
 0.39479325 0.39610107 0.39691214 0.39697621 0.40178812]
ngchain_sorted = [0.36625255 0.36766847 0.36840918 0.37390463 0.37525904 0.37903324
 0.37919045 0.38035097 0.38170557 0.38215622 0.38335018 0.38352455
 0.38407509 0.38473845 0.38571844 0.38677246 0.38692084 0.38931477
 0.39015722 0.39047671 0.39091532 0.39117651 0.39181283 0.39363212
 0.39479325 0.39610107 0.39691214 0.39697621 0.40178812]
current_best = [149.8584448278488, 112.04143515074477, 89.27479693145757, 89.83486044701463, 144.20002387751265, 99.59828976439007, 139.63669077082838, 123.65921616922623, 94.2343535089007, 125.79506069456818, 122.42187371843747, 121.62387508136185, 101.55074927179183, 140.93541848024753, 109.88685577245724, 123.20659013902626, 89.127747537961, 85.32713557414483, 79.8685349513286, 172.9137865972875, 69.82960472930071, 86.54461892201506, 80.17604755699823, 120.97230081752647, 111.41939141092365, 102.10939055337111, 87.93686032993983, 111.07383983903274, 77.01420224870651, 97.91273453994542, 74.27645112729641, 102.8662756080193, 91.65328518620792, 92.80228923776578, 71.26122748732095, 71.34894450776656, 71.7909879060012, 84.33823681044785, 79.99590983293855, 80.41536183259686]
current_best_val = 0.31750955138005915
