de_sorted = [0.00069426 0.00069426 0.00069429 0.00069485 0.00069492 0.00069496
 0.00069628 0.00069703 0.00069765 0.00071311 0.00071976 0.00072882
 0.00073676 0.00076579 0.00076579 0.0007658  0.00076581 0.00076581
 0.00076588 0.00076589 0.00076611 0.00076674 0.0007685  0.00078489
 0.00084467 0.00084467 0.00084467 0.00084468 0.00085204]
steep_sorted = [0.01849118 0.01897753 0.0197943  0.02078037 0.0214389  0.02205826
 0.02383662 0.0241177  0.02441493 0.02482675 0.02540883 0.02662287
 0.02752696 0.02798676 0.02882601 0.02919755 0.02923775 0.02937872
 0.03024919 0.03073087 0.03074354 0.03203596 0.03205332 0.03273914
 0.03295183 0.03448033 0.0378808  0.03990328 0.04469291]
bfgs_sorted = [0.00094417 0.00095191 0.00095827 0.00100813 0.00103452 0.00103452
 0.00103452 0.00104143 0.00104839 0.00114108 0.00114108 0.0011487
 0.0011487  0.0011487  0.00115637 0.00115811 0.00116409 0.00126701
 0.00126701 0.00128399 0.00136747 0.0013975  0.00154141 0.00157249
 0.00167473 0.00170374 0.00187191 0.00190721 0.00226207]
chain_sorted = [0.00069426 0.00069426 0.00069426 0.00069426 0.00069426 0.00069426
 0.00069426 0.00069426 0.00069426 0.00069426 0.00069426 0.00069426
 0.00069426 0.00076579 0.00076579 0.00076579 0.00076579 0.00076579
 0.00076579 0.00076579 0.0007709  0.00084467 0.00084467 0.00084467
 0.00084467 0.00084467 0.00084467 0.00085032 0.00100813]
ngchain_sorted = [0.00069426 0.00069426 0.00069426 0.00069426 0.00069426 0.00069426
 0.00069426 0.00069426 0.00069426 0.00069426 0.00069426 0.00069426
 0.00069426 0.00076579 0.00076579 0.00076579 0.00076579 0.00076579
 0.00076579 0.00076579 0.0007709  0.00084467 0.00084467 0.00084467
 0.00084467 0.00084467 0.00084467 0.00085032 0.00100813]
current_best = [173.20506971819205, 70.71044025732712, 57.735665842384535, 70.70993667843929, 57.73544405386432, 70.71000873116535, 57.73515490777571, 70.71066876289788, 57.73510686476605, 70.71070414860975, 173.20521505014915, 70.71041018092801, 57.735169100838505, 70.71072929297179, 57.73477684189445, 70.71066121939806, 57.73543412075345, 70.71032206220873, 57.73522578106583, 70.71042428307982, 57.735148657951, 70.71059747762888, 57.73485715633567, 70.71083087797157, 57.735157958307795, 70.71033390634479, 57.73526260271859, 70.71033556919868, 173.20530315634522, 70.71097130850315, 57.73457830117147, 70.71103373468326, 57.734521707267355, 70.71100092715041, 173.20523385688531, 70.71063258159234, 173.20488523286164, 70.71077020714958, 173.20505068923913, 70.71058479023303]
current_best_val = 0.0006942619865457633
