de_sorted = [0.24236977 0.24422121 0.2493775  0.24977365 0.25468507 0.2549435
 0.25559766 0.25685825 0.25759547 0.25929898 0.25990507 0.26068488
 0.2608265  0.26180426 0.26303754 0.26372753 0.263832   0.26637407
 0.26743113 0.2674889  0.26839636 0.26871877 0.26898173 0.26948228
 0.26963216 0.27167796 0.27333091 0.2736915  0.28243003]
steep_sorted = [0.38208412 0.3915058  0.39804862 0.40003252 0.40917127 0.41075632
 0.41743033 0.43076218 0.44010434 0.4459366  0.44613037 0.44704945
 0.45291238 0.45893215 0.46025738 0.46083939 0.4619347  0.46527011
 0.46571292 0.46859749 0.47043933 0.47294577 0.48855662 0.49081616
 0.49439319 0.51230486 0.51722371 0.52700033 0.5895186 ]
bfgs_sorted = [0.23602556 0.24473102 0.24577405 0.24618115 0.2513008  0.25204559
 0.2544578  0.25554151 0.2605267  0.26077822 0.2633662  0.26344489
 0.26376089 0.26381924 0.26435815 0.26455763 0.2654562  0.26792964
 0.26848556 0.2693841  0.26969637 0.27115422 0.27119411 0.27183018
 0.27353967 0.273709   0.27565744 0.2766692  0.27819878]
chain_sorted = [0.23602556 0.24473102 0.24577405 0.24618115 0.2513008  0.25204559
 0.2544578  0.25554151 0.25937141 0.2605267  0.26077822 0.2633662
 0.26344489 0.26376089 0.26381924 0.26408487 0.26435815 0.26455763
 0.2654562  0.26586171 0.26792964 0.26848556 0.2693841  0.26969637
 0.27119411 0.27194845 0.273709   0.27565744 0.2766692 ]
ngchain_sorted = [0.23602556 0.24473102 0.24577405 0.24618115 0.2513008  0.25204559
 0.2544578  0.25554151 0.25937141 0.2605267  0.26077822 0.2633662
 0.26344489 0.26376089 0.26381924 0.26408487 0.26435815 0.26455763
 0.2654562  0.26586171 0.26792964 0.26848556 0.2693841  0.26969637
 0.27119411 0.27194845 0.273709   0.27565744 0.2766692 ]
current_best = [84.74120398079317, 105.36273050092936, 160.84067686795404, 89.06458896526529, 87.40042090922493, 57.99880192284121, 57.355425562501196, 87.5005740432271, 74.43718596672649, 125.1472939447089, 153.7821262313811, 87.82069114394693, 132.4307333034032, 87.80078287699395, 147.79761180389946, 119.04851884989415, 89.972262737374, 56.67013485506322, 116.77779252858122, 160.30952956859034, 96.1365114272743, 85.69424239850548, 109.88759798940694, 86.89041567986293, 110.0694796373952, 108.04003811993793, 139.95018548248154, 110.13573227197254, 138.29518072345206, 96.02552772754485, 78.32812780028809, 86.721924013477, 120.481291249273, 127.50055014881893, 72.01905990268155, 66.68779532696618, 122.83346682637556, 115.79829406110568, 97.19942457507851, 125.36247919822364, 53.78368603968056, 148.87923666485176, 88.69927659357869, 82.41374000236098, 90.42246353874725, 98.08342313215255, 111.78056472086892, 70.3287427070386, 99.23404142225596, 88.23198626805981, 72.32653394340787, 120.5783099936609, 82.14326957988585, 75.62573739975447, 56.60005196991082, 88.55455783074062, 67.12232954970371, 95.7410140194727, 84.74849544468668, 120.75002385333207, 102.6672187717483, 49.23754091594829, 72.23203385108536, 104.15419735947175, 102.74287034714479, 113.51402135605197, 117.90298605783472, 85.93396671799474, 94.09089488557369, 103.12929625547851]
current_best_val = 0.2263915972751829
