de_sorted = [0.16350356 0.16855131 0.17381272 0.18120406 0.1819015  0.18205534
 0.18521434 0.18731198 0.18990868 0.19053001 0.19161721 0.19205412
 0.19354384 0.19477456 0.19514021 0.19751716 0.19764114 0.1981213
 0.19881585 0.20582705 0.20616608 0.2079955  0.20832115 0.20997269
 0.21054023 0.21131361 0.21172848 0.21412904 0.22957354]
steep_sorted = [0.32993871 0.41974165 0.42742612 0.42778162 0.4346607  0.44509734
 0.45304047 0.45575347 0.45924253 0.46155153 0.46211888 0.46384611
 0.48029565 0.48104429 0.48218429 0.48560253 0.4888013  0.49127377
 0.49889916 0.50191597 0.51915826 0.523919   0.53596559 0.5373099
 0.53976092 0.56240883 0.57286753 0.60608673 0.60736682]
bfgs_sorted = [0.18609409 0.19100421 0.19885116 0.19967333 0.20290793 0.20621866
 0.20654837 0.20796417 0.21015899 0.21308306 0.21806026 0.22004142
 0.22212215 0.22322003 0.22360305 0.22483921 0.22500458 0.22596569
 0.22930164 0.22936256 0.22956785 0.23088364 0.23604171 0.23846701
 0.23967563 0.24078509 0.24169251 0.24421234 0.24985781]
chain_sorted = [0.18203641 0.19110507 0.1943218  0.19606203 0.19894817 0.19975598
 0.20302861 0.20373703 0.20506684 0.20624226 0.20798934 0.20819028
 0.21023825 0.21067722 0.21334576 0.2171827  0.21823164 0.22016003
 0.22228694 0.22336822 0.22466677 0.22496208 0.22608931 0.2292771
 0.23122985 0.23439977 0.23960527 0.24078213 0.24989375]
ngchain_sorted = [0.18203641 0.19110507 0.1943218  0.19606203 0.19894817 0.19975598
 0.20302861 0.20373703 0.20506684 0.20624226 0.20798934 0.20819028
 0.21023825 0.21067722 0.21334576 0.2171827  0.21823164 0.22016003
 0.22228694 0.22336822 0.22466677 0.22496208 0.22608931 0.2292771
 0.23122985 0.23439977 0.23960527 0.24078213 0.24989375]
current_best = [47.85454902338211, 74.84936326366869, 154.4281114486519, 140.98062558544922, 163.36571374943514, 80.77145955137587, 71.0434890861825, 72.46669528054404, 61.67757817648965, 75.05702727747055, 86.37489904848647, 55.05218340716027, 142.0363729895183, 123.65422914867358, 142.97498182326214, 96.54596495926415, 67.22958623135442, 101.75395275447862, 79.81396258863751, 90.94463224502503, 88.52552846274484, 73.51494354045875, 107.88808615164238, 138.84588270067087, 106.00426924791657, 103.13709658129227, 78.14076280213561, 104.60680490726573, 123.20292532406022, 92.50228251238373, 85.26984430721548, 71.25356167538817, 84.70196573111694, 77.00333571081046, 112.35628170969775, 114.87098174848103, 128.44053552450183, 81.85085502873883, 76.95069647289823, 94.59377995666676, 142.95851144405614, 93.76825737406938, 81.70381467493358, 76.82900855992314, 81.93756192736328, 97.43823272029638, 86.1488538972459, 76.16189398233053, 78.424575620214, 80.69103421304199, 79.44619844058967, 79.42699030215745, 75.53885161903668, 98.85833684722154, 117.44718997185849, 84.42694554895415, 107.09576565497925, 110.01446196345145, 74.4511165777292, 78.24481130104064, 81.15689761843342, 90.67468427206022, 142.46741747218346, 63.22629262015862, 59.258805935322485, 85.14467127111376, 70.40517429336403, 82.92664759370896, 62.12100681606362, 96.0649601648592]
current_best_val = 0.12934618309128623
