de_sorted = [0.56437986 0.56501636 0.56570111 0.57151543 0.57217117 0.57406581
 0.57431324 0.57578182 0.57786336 0.57839779 0.57864565 0.5799874
 0.58028276 0.58114333 0.58149403 0.58323024 0.58409894 0.58504892
 0.58509117 0.58523581 0.5902902  0.59047553 0.59053313 0.59143783
 0.59809742 0.59899404 0.59966021 0.60221418 0.60913092]
steep_sorted = [0.63291701 0.65128226 0.66391013 0.66674259 0.67230053 0.67547062
 0.67779957 0.68045773 0.6804792  0.69017257 0.69222383 0.69426556
 0.69588618 0.70590968 0.70694181 0.71035073 0.71180544 0.71319405
 0.71922304 0.71991437 0.72504539 0.72781762 0.72889127 0.7337114
 0.74495362 0.74508845 0.75951885 0.7669582  0.77490168]
bfgs_sorted = [0.5559307  0.56510688 0.56539311 0.57101593 0.57103626 0.5717657
 0.57345397 0.57398564 0.57400392 0.57407073 0.57631814 0.57637775
 0.57874879 0.57989541 0.5803477  0.58083347 0.58257076 0.58300754
 0.58359446 0.58619605 0.58677983 0.58705536 0.58775607 0.58911728
 0.58971716 0.59321448 0.59346165 0.59704795 0.60126254]
chain_sorted = [0.55594177 0.5651346  0.56538178 0.57101902 0.57103395 0.57176177
 0.57263731 0.57348165 0.57398571 0.57400321 0.57407734 0.57631387
 0.57637754 0.57871082 0.5798952  0.57997971 0.58036319 0.58257189
 0.58300223 0.5835901  0.58388601 0.58619299 0.58705468 0.58775665
 0.58911166 0.58971722 0.59321147 0.59345029 0.59705154]
ngchain_sorted = [0.55594177 0.5651346  0.56538178 0.57101902 0.57103395 0.57176177
 0.57263731 0.57348165 0.57398571 0.57400321 0.57407734 0.57631387
 0.57637754 0.57871082 0.5798952  0.57997971 0.58036319 0.58257189
 0.58300223 0.5835901  0.58388601 0.58619299 0.58705468 0.58775665
 0.58911166 0.58971722 0.59321147 0.59345029 0.59705154]
current_best = [177.740761295691, 152.8811146537493, 173.93562469878677, 166.56106201634657, 172.95199999168167, 164.47030829092404, 177.43278986758486, 142.4432077044414, 178.63641877000464, 130.10535557149808, 147.00054989363883, 121.5196861291899, 126.35109262956973, 125.53723884435786, 145.77495141536386, 156.0419875401028, 122.60805211096985, 110.49876613326599, 129.7376911206837, 128.81346589876082, 120.96185993675206, 127.67315250591206, 80.64160441112519, 97.89999705356918, 87.88620475310465, 124.1002262713257, 103.3306644969545, 101.68536953416647, 68.86566710651408, 97.27926036755206]
current_best_val = 0.5129717224361833
