de_sorted = [0.42525369 0.42566039 0.42626023 0.42795795 0.43229428 0.43379068
 0.43530019 0.43617292 0.43699084 0.43775568 0.43780756 0.43844415
 0.43943037 0.43969183 0.43986665 0.44021627 0.4424485  0.44246745
 0.44352434 0.4447276  0.44505487 0.45012634 0.45540942 0.45642277
 0.45701618 0.4592501  0.46141975 0.46388725 0.46765498]
steep_sorted = [0.5013392  0.50666083 0.51655941 0.52114679 0.52491795 0.52876037
 0.53156184 0.53211769 0.5377939  0.54350743 0.54457202 0.55290636
 0.5553234  0.55713161 0.55967274 0.56026352 0.56443927 0.57429467
 0.57521698 0.57913688 0.57969878 0.5888374  0.59367408 0.59423409
 0.59852679 0.60188709 0.60991195 0.62107494 0.63613668]
bfgs_sorted = [0.42145542 0.4261705  0.42858994 0.4300203  0.43035842 0.43140691
 0.43219244 0.43421048 0.43506022 0.43589735 0.43694555 0.43718466
 0.43768291 0.43916703 0.44240405 0.44285191 0.44339987 0.44456235
 0.44476678 0.4449     0.44888038 0.44907724 0.45132903 0.45210136
 0.45275165 0.45379582 0.45394761 0.45518303 0.45843629]
chain_sorted = [0.42150923 0.42557667 0.42614953 0.42783125 0.42859179 0.43010444
 0.43042011 0.43138025 0.43222467 0.43415001 0.43509271 0.43699686
 0.43714329 0.43767877 0.43917144 0.4424024  0.44283994 0.4445806
 0.44474912 0.44482938 0.44874617 0.44889503 0.45156858 0.45196439
 0.45205413 0.45282635 0.45378104 0.45531946 0.45832291]
ngchain_sorted = [0.42150923 0.42557667 0.42614953 0.42783125 0.42859179 0.43010444
 0.43042011 0.43138025 0.43222467 0.43415001 0.43509271 0.43699686
 0.43714329 0.43767877 0.43917144 0.4424024  0.44283994 0.4445806
 0.44474912 0.44482938 0.44874617 0.44889503 0.45156858 0.45196439
 0.45205413 0.45282635 0.45378104 0.45531946 0.45832291]
current_best = [158.64266087346346, 178.04748118667194, 176.21762504390708, 164.6376316419692, 177.484268554626, 164.9863860688197, 169.57749162438736, 177.43992119893878, 157.1151859892022, 163.7094095583939, 146.570284219153, 141.0909273062124, 133.6622928706983, 113.58990944002306, 152.4569655598466, 150.78819379402017, 145.01769147463293, 145.90306998274798, 147.61918841286774, 137.38903076675987, 129.59019388683996, 139.65011563761715, 106.54630069219307, 126.42217715310092, 121.50791620625924, 138.47117020957637, 124.83559991658153, 116.06508626178221, 118.0186598091837, 134.34974976989167, 120.93128077669763, 117.14358189487547, 81.25456692356278, 106.15921962672809, 103.18940920101633, 125.30446238182819, 146.8741817857223, 137.32639187658455, 137.90826642607448, 90.80409697987326, 73.49528802917986, 82.56960072559944, 101.1057557945928, 103.74504594615429, 99.65651998655406, 90.49435213934136, 87.73110522118442, 99.25068811181623, 106.2600721396562, 88.59828853384774, 105.59109235660911, 105.80012678685421, 59.57685742063955, 89.12562430887326, 62.042050372367356, 75.0389914169066, 67.49954219554691, 76.08743498655164, 77.77167664703362, 98.7354776372059]
current_best_val = 0.3413210856849424
