de_sorted = [0.03925849 0.03925849 0.03925849 0.03925849 0.03925849 0.03925849
 0.03925849 0.03925849 0.03925849 0.03925849 0.03925849 0.03925849
 0.03925849 0.03925849 0.0392585  0.03925851 0.03925851 0.03925857
 0.03925857 0.0392586  0.03925876 0.03925909 0.03925923 0.03925935
 0.0392598  0.0392604  0.03926825 0.0392788  0.04321616]
steep_sorted = [0.04338953 0.04455944 0.04578068 0.0464936  0.04696549 0.04697299
 0.04762299 0.04793693 0.04807299 0.04814392 0.04898984 0.04936885
 0.049968   0.05014221 0.05137476 0.05238192 0.05391258 0.05431712
 0.05438551 0.05607247 0.0563757  0.05742499 0.05920594 0.06027589
 0.06084737 0.06236468 0.06722825 0.07118695 0.08448152]
bfgs_sorted = [0.03925849 0.03925849 0.03925849 0.03925849 0.03925849 0.03925849
 0.03925958 0.03985469 0.04041674 0.04321614 0.04321614 0.04321614
 0.04321614 0.04349857 0.0436956  0.04492257 0.04510845 0.04521312
 0.04583214 0.0458331  0.04713858 0.04756287 0.04787299 0.04787299
 0.04812718 0.0492976  0.04999469 0.05173426 0.05301772]
chain_sorted = [0.03925849 0.03925849 0.03925849 0.03925849 0.03925849 0.03925849
 0.03925849 0.03925849 0.03925849 0.03925849 0.03925849 0.03925849
 0.03925849 0.03925849 0.03925849 0.03925849 0.03925849 0.03925849
 0.03925849 0.03925849 0.03925849 0.03925849 0.03925849 0.03925849
 0.03925849 0.03925849 0.03925849 0.03925849 0.03925849]
ngchain_sorted = [0.03925849 0.03925849 0.03925849 0.03925849 0.03925849 0.03925849
 0.03925849 0.03925849 0.03925849 0.03925849 0.03925849 0.03925849
 0.03925849 0.03925849 0.03925849 0.03925849 0.03925849 0.03925849
 0.03925849 0.03925849 0.03925849 0.03925849 0.03925849 0.03925849
 0.03925849 0.03925849 0.03925849 0.03925849 0.03925849]
current_best = [57.73502928343719, 70.71067547511049, 57.735027510671685, 70.7106777373207, 57.73502508543554, 70.71068054596364, 173.2050804708116, 70.71067751930956, 57.73502725927105, 70.71068003469803, 57.73502547013286, 70.71067974608646, 57.73502671252273, 70.71067814154122, 57.73502613434111, 70.71067763644594, 57.73502649274601, 70.71068104955206, 57.73502484535188, 70.71067893826485]
current_best_val = 0.03925848972362078
