de_sorted = [0.36832634 0.37401399 0.38030896 0.38437489 0.38694598 0.38940791
 0.39075526 0.3922941  0.39381299 0.39535452 0.39551018 0.39614886
 0.39683916 0.3982406  0.39845459 0.39976099 0.40085936 0.40315023
 0.40344866 0.40365483 0.40464127 0.41122891 0.41327555 0.41511486
 0.41643415 0.4169818  0.41805102 0.43177686 0.43217091]
steep_sorted = [0.49416585 0.49427757 0.50921922 0.51552483 0.52329245 0.52385616
 0.52617272 0.5267263  0.52732205 0.53954717 0.54781301 0.55220262
 0.55226869 0.55275863 0.553332   0.55631775 0.55882467 0.55990277
 0.56080881 0.56391124 0.56639499 0.58085712 0.58232612 0.58309047
 0.5998833  0.60115071 0.60903544 0.61061874 0.61800515]
bfgs_sorted = [0.38836568 0.3925717  0.39924485 0.39928076 0.39965408 0.40023791
 0.40190792 0.40401829 0.40675798 0.40676601 0.40702921 0.40932219
 0.41039474 0.41068974 0.41091615 0.41385627 0.41862802 0.41909974
 0.41921146 0.42068287 0.42068651 0.42108778 0.422709   0.42363747
 0.42408755 0.42418774 0.42599408 0.42875458 0.43386166]
chain_sorted = [0.38836546 0.3925604  0.39923345 0.39928208 0.39965204 0.40024635
 0.40191414 0.40362955 0.40400586 0.4067635  0.40676877 0.40703245
 0.40929799 0.41040531 0.41068963 0.41385674 0.41824751 0.41862356
 0.41910406 0.41921933 0.42066595 0.42069934 0.42108823 0.42272628
 0.42363285 0.42409215 0.42419257 0.42875828 0.43081935]
ngchain_sorted = [0.38836546 0.3925604  0.39923345 0.39928208 0.39965204 0.40024635
 0.40191414 0.40362955 0.40400586 0.4067635  0.40676877 0.40703245
 0.40929799 0.41040531 0.41068963 0.41385674 0.41824751 0.41862356
 0.41910406 0.41921933 0.42066595 0.42069934 0.42108823 0.42272628
 0.42363285 0.42409215 0.42419257 0.42875828 0.43081935]
current_best = [179.71742750327115, 125.63870410685541, 178.38902058483615, 178.7451467539971, 178.3757181531405, 159.068862607942, 171.39457708813225, 174.14641014974467, 177.01329898432277, 157.36881386625586, 176.82110516463788, 146.7417002031289, 170.77108551421378, 122.40566190174899, 154.03052356391782, 107.5573090991262, 154.74674214519916, 114.06665764642639, 178.67624530210747, 124.04233335383964, 171.12492198253412, 107.43024951328728, 104.70969592511808, 165.9844968676342, 137.97212145108873, 152.6897940599074, 132.21868100346342, 139.20319325839407, 140.9049379774865, 112.41937941258605, 78.69281890725375, 167.72128035722585, 127.05213938341181, 123.09440710881682, 83.48610760653393, 104.74057343668422, 147.30056668767259, 126.3396196751733, 135.94377837546858, 109.43439451990233, 86.22275026612884, 92.92608725782229, 103.62889840181192, 158.68120576165035, 104.54475103591574, 101.30278360099501, 96.9892892569335, 100.51711559288913, 91.52280374130213, 99.60744575584015, 81.9069953352199, 122.4531597931413, 105.00240540668963, 98.77277879917722, 83.45237782054282, 98.84383262414775, 85.79591690329046, 75.77424852605203, 74.44806523170799, 103.0487274541296]
current_best_val = 0.3047560067977287
