de_sorted = [0.36878074 0.37001104 0.3700938  0.37248206 0.37411416 0.37419898
 0.37670495 0.38002155 0.38033363 0.38170234 0.38437694 0.38565733
 0.38573644 0.38612026 0.38704008 0.38745154 0.38928954 0.38933948
 0.39063707 0.39366629 0.40113534 0.40307695 0.40351102 0.40492059
 0.40579328 0.40846038 0.41017655 0.4178959  0.42616919]
steep_sorted = [0.57659876 0.57904886 0.57910959 0.59168895 0.59363557 0.59423176
 0.6060054  0.6073197  0.6309556  0.63414855 0.63616551 0.63901916
 0.66530258 0.66569954 0.66573802 0.67628923 0.67758225 0.6776826
 0.69279142 0.70526842 0.70781682 0.71732194 0.71993983 0.72392153
 0.7270861  0.73244196 0.73505191 0.75723644 0.76770145]
bfgs_sorted = [0.34657337 0.35180189 0.36021928 0.3647054  0.36703229 0.36750936
 0.37208737 0.37299773 0.37857654 0.38083958 0.38207626 0.38860853
 0.38922554 0.38926092 0.39031724 0.39287731 0.39525603 0.39575303
 0.39595389 0.39612921 0.39683403 0.39720006 0.39848537 0.39857948
 0.39869075 0.40384781 0.4071618  0.41600448 0.41984259]
chain_sorted = [0.34658885 0.3518118  0.36021716 0.36472333 0.36702169 0.36748218
 0.37208207 0.3729947  0.37857983 0.38083408 0.38091581 0.38204789
 0.38925001 0.38929385 0.39031705 0.39286355 0.39524784 0.39574933
 0.3959521  0.39616268 0.39683145 0.39720646 0.39848297 0.39858923
 0.39866249 0.40385917 0.4071642  0.40963008 0.41984535]
ngchain_sorted = [0.34658885 0.3518118  0.36021716 0.36472333 0.36702169 0.36748218
 0.37208207 0.3729947  0.37857983 0.38083408 0.38091581 0.38204789
 0.38925001 0.38929385 0.39031705 0.39286355 0.39524784 0.39574933
 0.3959521  0.39616268 0.39683145 0.39720646 0.39848297 0.39858923
 0.39866249 0.40385917 0.4071642  0.40963008 0.41984535]
current_best = [67.13557245861739, 75.71894768447693, 79.4171424809016, 96.16307732824362, 164.91660743263716, 78.55234859120227, 68.5119499566691, 100.68656175728037, 89.10777170079707, 91.33306976619129, 99.91150626996189, 130.78927630418983, 80.69179484748761, 102.10321782283889, 85.30778921359948, 103.4726176098948, 75.89752492608874, 98.47697929463709, 70.06590663296517, 78.57444756208406, 71.23438887898959, 77.5255012817857, 69.78823117490298, 84.05511706572227, 122.49633428612744, 92.1823483757989, 69.59074463670379, 83.56051583628987, 74.75219560899068, 72.81714767577344]
current_best_val = 0.29516304237098284
