de_sorted = [0.73670791 0.7376188  0.73812718 0.73913706 0.73926935 0.74068457
 0.7407947  0.74225321 0.74233918 0.74405868 0.74411748 0.74463837
 0.7450073  0.74585594 0.74611015 0.7462789  0.74636708 0.74669854
 0.74717215 0.74791634 0.74877707 0.74877738 0.74936755 0.7509208
 0.75265886 0.75453812 0.75633951 0.75823727 0.75894754]
steep_sorted = [0.78184992 0.78437367 0.79152479 0.79215705 0.79221942 0.80396064
 0.80436688 0.81153083 0.8116419  0.81792492 0.82490051 0.83182844
 0.83244317 0.83766206 0.83947437 0.84382436 0.84683447 0.85032777
 0.85155232 0.85182996 0.85416662 0.85855651 0.86770638 0.86900822
 0.89748823 0.89788955 0.90693896 0.91203386 0.91265859]
bfgs_sorted = [0.73626365 0.73678916 0.73722957 0.73748626 0.73762804 0.73790985
 0.73814227 0.73909492 0.73924899 0.73996763 0.7406182  0.74089391
 0.74123923 0.7419579  0.74273084 0.74289393 0.74324831 0.74392796
 0.74402114 0.74411231 0.74501244 0.74541456 0.74732216 0.74821945
 0.74949577 0.74966207 0.75117407 0.75248249 0.75330848]
chain_sorted = [0.73628036 0.73679618 0.73724374 0.73750272 0.73765318 0.73792194
 0.7381441  0.73909766 0.73927686 0.74001161 0.74062147 0.74075735
 0.74092334 0.74123533 0.74196045 0.7421794  0.74223792 0.74326123
 0.74392796 0.7440539  0.74413356 0.74501244 0.74541456 0.74541696
 0.7469505  0.74732049 0.7495081  0.75248247 0.75329873]
ngchain_sorted = [0.73628036 0.73679618 0.73724374 0.73750272 0.73765318 0.73792194
 0.7381441  0.73909766 0.73927686 0.74001161 0.74062147 0.74075735
 0.74092334 0.74123533 0.74196045 0.7421794  0.74223792 0.74326123
 0.74392796 0.7440539  0.74413356 0.74501244 0.74541456 0.74541696
 0.7469505  0.74732049 0.7495081  0.75248247 0.75329873]
current_best = [103.51603404863327, 179.804393170712, 173.0131647783643, 179.33740149799013, 169.22918414965105, 156.29677543288327, 174.9277544119191, 148.1376871997739, 168.96282727622588, 116.0142692548275]
current_best_val = 0.7308214162584683
