de_sorted = [0.30218557 0.30442868 0.30618007 0.30780739 0.30836242 0.30901143
 0.31008457 0.3110775  0.31226245 0.31459684 0.31578415 0.31579529
 0.31714172 0.31777381 0.31795784 0.31856741 0.31966641 0.31972273
 0.32056675 0.32061502 0.32063554 0.32072576 0.32134558 0.32189928
 0.32228512 0.32245966 0.323577   0.32655693 0.32901913]
steep_sorted = [0.40969782 0.42671985 0.43493218 0.44797263 0.4657788  0.47932736
 0.48324255 0.48896334 0.49113192 0.50900278 0.51234149 0.51307627
 0.51347613 0.5203318  0.52397836 0.53719651 0.54696837 0.55189581
 0.5525383  0.56373444 0.56434775 0.56867346 0.57133474 0.57670107
 0.58780447 0.59948213 0.63653679 0.64107844 0.64681304]
bfgs_sorted = [0.30217882 0.30723178 0.30766751 0.31081497 0.31436245 0.32030494
 0.32387925 0.32547425 0.32590004 0.32616783 0.32627464 0.32876967
 0.33089029 0.33102997 0.33120759 0.33138174 0.33174979 0.33199093
 0.33214232 0.33311171 0.33371204 0.33372882 0.3351531  0.33665504
 0.33760305 0.34041447 0.342229   0.34305642 0.34590926]
chain_sorted = [0.3021806  0.30724381 0.3076805  0.31090485 0.31448517 0.31589707
 0.31668074 0.31773052 0.3177708  0.31785817 0.31860212 0.31932197
 0.31946003 0.32387895 0.32428313 0.32541652 0.32590276 0.32630354
 0.32694725 0.32953031 0.33101631 0.33121253 0.3321132  0.33212916
 0.33370854 0.3352529  0.33662024 0.33769973 0.34006311]
ngchain_sorted = [0.3021806  0.30724381 0.3076805  0.31090485 0.31448517 0.31589707
 0.31668074 0.31773052 0.3177708  0.31785817 0.31860212 0.31932197
 0.31946003 0.32387895 0.32428313 0.32541652 0.32590276 0.32630354
 0.32694725 0.32953031 0.33101631 0.33121253 0.3321132  0.33212916
 0.33370854 0.3352529  0.33662024 0.33769973 0.34006311]
current_best = [160.51455852742208, 93.9102430935036, 122.57958282926236, 120.88201796606738, 89.94173801116384, 122.75520953017549, 120.12129136346573, 129.06175659301067, 113.96631598358154, 114.21470503320128, 135.4738244506516, 121.30108491704944, 84.29027689308798, 136.88166993655645, 103.56004129235107, 119.13744932884292, 84.84195150744281, 143.88059498485597, 78.10965396875541, 79.23720862770152, 104.0236857146958, 127.91807226629268, 92.41602135339532, 76.42639201217898, 153.9289586822238, 93.92286958597391, 86.2233367356116, 112.43776734912282, 97.4414128802644, 92.88364774918905, 77.05049208228783, 98.03865449100485, 77.93476019743974, 104.02536867868406, 86.93344329015925, 103.27228986306616, 75.51080137983128, 76.89431610193549, 77.7907061490981, 104.40281762081959, 69.52007588914007, 83.92090630505493, 68.15573642415885, 68.2184981831785, 62.456135425058605, 80.38930814718032, 62.96995086932255, 85.05225095695772, 71.31306023277197, 85.09036084796554]
current_best_val = 0.24167649458054585
