de_sorted = [0.25253435 0.26096422 0.26187694 0.26259873 0.26444611 0.26668494
 0.26672567 0.26713466 0.26784841 0.27049817 0.27056886 0.27070147
 0.27235798 0.27391218 0.27463867 0.27642245 0.27650724 0.27850703
 0.27860173 0.27915593 0.27996592 0.28042423 0.28054733 0.28093385
 0.28147064 0.28213719 0.28270965 0.28279315 0.2933781 ]
steep_sorted = [0.38897551 0.39620659 0.42524551 0.44609181 0.44623192 0.44647366
 0.45164943 0.45402748 0.45763126 0.46127325 0.46743284 0.46755556
 0.46783909 0.47047907 0.4706729  0.47854336 0.48420724 0.49172996
 0.49215053 0.49229077 0.50260487 0.50452787 0.5184837  0.52662907
 0.53317124 0.57851208 0.5898722  0.60930178 0.62395826]
bfgs_sorted = [0.2674365  0.27480349 0.27639091 0.27722467 0.27799845 0.27950812
 0.28210013 0.28235073 0.28313851 0.28317328 0.28374245 0.28412023
 0.28434576 0.28557929 0.28919011 0.28922848 0.28962484 0.28972787
 0.29087099 0.29111707 0.29118528 0.29208198 0.2928194  0.29308089
 0.2946428  0.29706554 0.30187114 0.30380609 0.30390887]
chain_sorted = [0.26264695 0.26275661 0.26345761 0.26745823 0.27075374 0.27100418
 0.27199265 0.27226513 0.27255719 0.2740703  0.27483766 0.27510023
 0.27544187 0.27722147 0.27795629 0.27959993 0.28080923 0.28209182
 0.28434659 0.2855545  0.2857719  0.28773333 0.28919961 0.28964513
 0.28975867 0.29104276 0.29169511 0.29184308 0.29315935]
ngchain_sorted = [0.26264695 0.26275661 0.26345761 0.26745823 0.27075374 0.27100418
 0.27199265 0.27226513 0.27255719 0.2740703  0.27483766 0.27510023
 0.27544187 0.27722147 0.27795629 0.27959993 0.28080923 0.28209182
 0.28434659 0.2855545  0.2857719  0.28773333 0.28919961 0.28964513
 0.28975867 0.29104276 0.29169511 0.29184308 0.29315935]
current_best = [134.54215315430164, 93.70984115737635, 107.6191604876768, 145.94576508205745, 103.1669292243429, 106.82910133541849, 146.41798772803153, 116.76668566837981, 142.0811925184554, 93.99780229270525, 132.95789722481226, 103.8750797697763, 97.45229494174558, 97.95839932212003, 139.89096896621845, 114.10182908856463, 154.18616673424165, 98.47575858149808, 89.1602170873304, 107.77813553355297, 114.95342870207078, 121.39595840237405, 88.51506485099175, 104.38410191904974, 96.77875973825532, 81.2473119766541, 124.37915610937864, 101.33328744089317, 72.50764983890525, 103.6616257884112, 143.33061572884836, 98.77606196282889, 98.49678641269078, 109.40516329551009, 74.29569105976645, 87.54031407469856, 103.17644346193914, 106.577184249482, 95.93391244926968, 87.99119115623277, 58.69660264542893, 99.39010678352625, 82.33549825274436, 83.12216886875154, 105.62423131541456, 87.01282925717781, 68.20458344293618, 94.14386603423529, 82.21841331117786, 90.44150984358231, 72.78963813940616, 78.05746553254492, 66.54523350040057, 83.4614853880698, 61.059579492189044, 76.66979142150207, 69.61176288483837, 68.19667560221126, 76.40031719919988, 87.04212906192856]
current_best_val = 0.1986068052923826
