de_sorted = [0.63636963 0.64086366 0.64238028 0.64533127 0.6458652  0.6461454
 0.64772356 0.64872273 0.6487501  0.64991601 0.65032372 0.65223007
 0.65273657 0.65295775 0.65351482 0.65401448 0.6544048  0.65569294
 0.65672398 0.65738274 0.65838158 0.65919009 0.66049915 0.66104441
 0.66388265 0.66423377 0.66431961 0.66797283 0.66952453]
steep_sorted = [0.68777656 0.71627657 0.72050264 0.72153195 0.72469563 0.72566644
 0.72801619 0.74805079 0.74927302 0.75156595 0.75833145 0.758378
 0.76181003 0.76191899 0.76341255 0.76464135 0.77187473 0.7762904
 0.77864789 0.79096758 0.79351809 0.7952894  0.79733076 0.79794158
 0.80090377 0.80195183 0.81394824 0.81539409 0.84257893]
bfgs_sorted = [0.6338446  0.63428697 0.63661722 0.6385613  0.63861919 0.63912089
 0.64075885 0.6411659  0.64144435 0.64863856 0.64954389 0.64957675
 0.65018774 0.65019899 0.650801   0.65090702 0.65109342 0.65125118
 0.65234542 0.65278981 0.65299393 0.65314112 0.65494045 0.65596845
 0.65664393 0.66027884 0.66043707 0.66228215 0.66563565]
chain_sorted = [0.6338486  0.6341852  0.63661308 0.63855075 0.63863845 0.63911846
 0.64070933 0.64125832 0.64152347 0.64861535 0.64925402 0.64949763
 0.6495751  0.65012437 0.65019865 0.65090751 0.65092787 0.65109499
 0.65121152 0.65230948 0.6527908  0.65299519 0.65315412 0.65500665
 0.65658625 0.66027862 0.66046861 0.66225853 0.66551068]
ngchain_sorted = [0.6338486  0.6341852  0.63661308 0.63855075 0.63863845 0.63911846
 0.64070933 0.64125832 0.64152347 0.64861535 0.64925402 0.64949763
 0.6495751  0.65012437 0.65019865 0.65090751 0.65092787 0.65109499
 0.65121152 0.65230948 0.6527908  0.65299519 0.65315412 0.65500665
 0.65658625 0.66027862 0.66046861 0.66225853 0.66551068]
current_best = [127.09977469662724, 171.51669867532857, 178.43734019777617, 179.10942795780102, 179.63426600163814, 144.46794377492847, 162.842943825501, 171.32118235980312, 122.91872191210639, 140.46809222761567, 99.17162411270112, 136.12706738727496, 124.8284868373502, 150.86346847911005, 116.39592065359881, 105.47293367654898, 77.1732000294508, 99.45593531642825, 79.6484297092426, 113.34709458733158]
current_best_val = 0.6111817148478538
