de_sorted = [0.3464768  0.34924784 0.35357727 0.35598909 0.35607871 0.35825375
 0.35969379 0.36099881 0.36242049 0.36264927 0.36401995 0.36682088
 0.36700895 0.36867497 0.36965339 0.37133501 0.37134019 0.37149754
 0.3727852  0.3744415  0.37500491 0.37570233 0.37637777 0.37756397
 0.37766958 0.37828126 0.37948877 0.38284711 0.38784171]
steep_sorted = [0.48129846 0.52529912 0.52854722 0.53714771 0.54072046 0.54368215
 0.54914111 0.55315567 0.55361068 0.55706442 0.56015445 0.56810294
 0.57963761 0.58421162 0.58509999 0.58850951 0.5892908  0.59196855
 0.59263711 0.59803122 0.60141037 0.60160005 0.60415892 0.60625542
 0.60951714 0.63011427 0.63619579 0.67984092 0.71037343]
bfgs_sorted = [0.35650218 0.36379338 0.36420102 0.36773225 0.36849171 0.37029115
 0.37104831 0.37167223 0.37299362 0.37445861 0.37751134 0.37769506
 0.37827464 0.37847203 0.37864389 0.38180557 0.38224481 0.38309161
 0.38383913 0.38468369 0.38631508 0.38632895 0.38658362 0.38806123
 0.38826759 0.39017595 0.39020226 0.39091028 0.40072422]
chain_sorted = [0.35657553 0.3617986  0.36379266 0.36430543 0.36680095 0.36726783
 0.36773884 0.36853662 0.37032677 0.37104149 0.37299623 0.37456331
 0.37567878 0.37748902 0.37769506 0.3782793  0.37841746 0.37864382
 0.38179827 0.38222257 0.38315149 0.38385449 0.38431253 0.38632205
 0.38656615 0.38716929 0.38836659 0.38949081 0.39085434]
ngchain_sorted = [0.35657553 0.3617986  0.36379266 0.36430543 0.36680095 0.36726783
 0.36773884 0.36853662 0.37032677 0.37104149 0.37299623 0.37456331
 0.37567878 0.37748902 0.37769506 0.3782793  0.37841746 0.37864382
 0.38179827 0.38222257 0.38315149 0.38385449 0.38431253 0.38632205
 0.38656615 0.38716929 0.38836659 0.38949081 0.39085434]
current_best = [78.76228638307055, 125.13092774839691, 116.58952431012925, 103.73851492791846, 144.51908618161676, 84.81807962873339, 158.81779121807523, 106.38812001954749, 129.53075142257464, 120.4002667295593, 152.9890086932688, 98.69937576005555, 94.8605872245352, 115.85038852450434, 99.13739570802902, 109.37809826977923, 94.38950828173698, 128.80627270031556, 95.88077234693324, 87.55490793559613, 95.71079161922643, 105.24126861407731, 69.02123689779202, 87.23025603235295, 69.09699303965542, 93.46192401205718, 59.88738945669411, 101.49082760320981, 61.2404245142824, 76.8664840003938, 169.10938450330653, 124.30428572381237, 133.27352528598004, 95.42163531509838, 124.69581392465282, 95.85573621712149, 74.02291984715951, 74.4369937213747, 84.93835902725911, 104.64713722312769]
current_best_val = 0.33386632542501016
