de_sorted = [0.35502563 0.35610566 0.35750704 0.3636404  0.36402501 0.36578004
 0.36651644 0.36776928 0.37395594 0.37830171 0.37870803 0.3789597
 0.37942122 0.38026555 0.38133369 0.38333061 0.38341416 0.38383173
 0.38525147 0.38531526 0.38840683 0.38988944 0.39087826 0.39230141
 0.39304938 0.39568491 0.40110118 0.40653948 0.40705295]
steep_sorted = [0.42706593 0.44194052 0.45238966 0.454378   0.46373229 0.4653069
 0.46891094 0.4695958  0.47059867 0.47621545 0.47997802 0.49314912
 0.49639749 0.49839374 0.50368013 0.50470206 0.50538927 0.50584249
 0.51362883 0.51742914 0.51848895 0.51960168 0.52155135 0.53016946
 0.53337936 0.53372328 0.5410973  0.55079229 0.55433357]
bfgs_sorted = [0.33467546 0.35295412 0.36252362 0.36839815 0.36856167 0.3687586
 0.37116392 0.37275045 0.37346378 0.37584907 0.37609731 0.37619105
 0.37661039 0.37699003 0.37743107 0.37802235 0.37942057 0.38009935
 0.38174647 0.38287044 0.38405038 0.38647275 0.38648984 0.38699653
 0.39051283 0.39076775 0.39173091 0.39204129 0.40094362]
chain_sorted = [0.33463042 0.35299925 0.3600799  0.36232655 0.36846909 0.3685613
 0.36884341 0.3711619  0.37262281 0.37356645 0.37594541 0.37608663
 0.37615056 0.37659516 0.37699805 0.37736835 0.3780771  0.37930141
 0.38022085 0.38162902 0.38292011 0.38635449 0.38648758 0.38702135
 0.38750768 0.39072239 0.39079063 0.3917534  0.39184501]
ngchain_sorted = [0.33463042 0.35299925 0.3600799  0.36232655 0.36846909 0.3685613
 0.36884341 0.3711619  0.37262281 0.37356645 0.37594541 0.37608663
 0.37615056 0.37659516 0.37699805 0.37736835 0.3780771  0.37930141
 0.38022085 0.38162902 0.38292011 0.38635449 0.38648758 0.38702135
 0.38750768 0.39072239 0.39079063 0.3917534  0.39184501]
current_best = [172.45747987180266, 178.096917945004, 171.8271232163049, 174.01344321681952, 171.21498007028976, 145.843328074417, 153.8670971229672, 156.20892159999335, 157.33958822356027, 167.8776437868737, 107.38255693076006, 112.04582588271634, 174.4013174364933, 161.84411227441547, 164.28064960634748, 154.41351086328595, 138.58345118694086, 139.9341688069961, 115.37843863701443, 120.26765056367239, 119.10792892336289, 113.92339273196676, 112.40254511739698, 113.64134489122073, 136.69164824920557, 140.77672881648783, 132.93342452058195, 143.1981317346001, 129.2847605024911, 83.31422248760842, 78.99374720332824, 97.1860404886145, 152.11670024135512, 167.5186355313486, 163.14302017494845, 132.26749510526267, 95.86096662019989, 87.57106948714784, 96.99971119143774, 134.7182320258153, 178.7776057449776, 157.3382756863901, 136.07633851375004, 102.88026572289452, 88.55342213338506, 89.99126208730564, 110.40019654176533, 125.73297683915312, 137.79747565909096, 113.79800849327505, 122.12545618691138, 85.72301231945885, 75.52044973061781, 95.36430262347108, 148.7391680061116, 123.94480123652843, 142.41712490990628, 87.94639728250354, 104.54457643374384, 97.17707716034408, 88.76792733935449, 89.10527902440944, 87.9979841299288, 94.08034422972995, 84.27099494890705, 93.65602350053688, 70.89373133200115, 80.52390407175976, 71.17359662914485, 77.97117863929027, 60.87499476829694, 83.16083911132917, 55.54916799241812, 77.81767988901655, 76.88403432314763, 75.64892896727865, 75.06370137175422, 97.91103486841739, 112.34372143512434, 78.0591523956322]
current_best_val = 0.2844759595110245
