de_sorted = [0.11852558 0.12679158 0.1321811  0.13394751 0.13497468 0.13881855
 0.13894404 0.14126231 0.14228293 0.14263137 0.14422934 0.1444974
 0.14881061 0.15078376 0.15336747 0.15647187 0.15719129 0.15789637
 0.15820756 0.16195173 0.16366796 0.16372236 0.16418485 0.16420615
 0.16515558 0.16617081 0.16761166 0.16782208 0.17094965]
steep_sorted = [0.37751458 0.38099342 0.39463207 0.40154345 0.40223883 0.41211527
 0.41433047 0.41814291 0.41897867 0.42438326 0.44007774 0.44191945
 0.44270671 0.45006275 0.45765484 0.45875317 0.46555616 0.46623336
 0.46869306 0.47153239 0.47266698 0.48439606 0.48656909 0.48880457
 0.48984249 0.49733839 0.50429585 0.50578253 0.51231066]
bfgs_sorted = [0.14280736 0.16103573 0.16974359 0.17064958 0.17328864 0.17333183
 0.17385402 0.17555596 0.17693643 0.17830104 0.1793871  0.18465783
 0.18634018 0.18681102 0.18760051 0.18828108 0.18851324 0.18926889
 0.18968818 0.19107365 0.19141638 0.19195371 0.19446194 0.19454406
 0.19496243 0.19560548 0.19671513 0.19843036 0.20167796]
chain_sorted = [0.14280736 0.15341099 0.15578099 0.15752714 0.15805039 0.15820761
 0.16103573 0.16143897 0.1619404  0.1639031  0.16620806 0.16738747
 0.16805192 0.16893185 0.16903342 0.16988251 0.17188897 0.17328864
 0.17333183 0.17643308 0.17693643 0.17782371 0.17881145 0.1793871
 0.1795248  0.18237592 0.18545852 0.19107365 0.19141638]
ngchain_sorted = [0.14280736 0.15341099 0.15578099 0.15752714 0.15805039 0.15820761
 0.16103573 0.16143897 0.1619404  0.1639031  0.16620806 0.16738747
 0.16805192 0.16893185 0.16903342 0.16988251 0.17188897 0.17328864
 0.17333183 0.17643308 0.17693643 0.17782371 0.17881145 0.1793871
 0.1795248  0.18237592 0.18545852 0.19107365 0.19141638]
current_best = [58.60053376935258, 64.6051127277476, 106.91086438450164, 143.79216721230839, 172.47029770950022, 62.868492427894545, 72.80820225300086, 73.3570461361943, 76.2432057143533, 63.796695740507694, 67.01175039509815, 86.43861650562108, 127.03015371361668, 123.56616653715156, 156.17998363929712, 91.13280689854258, 60.74146071913608, 66.94603220107005, 82.42453944791636, 95.43522698966338, 78.53096890808199, 78.37871949272873, 134.87553578104234, 93.19174391283833, 91.6772829839448, 83.67082091745331, 80.33369904939502, 101.56377381623108, 163.2250010670596, 76.3147367277667, 64.50083611295716, 88.41890380496226, 76.86269492089224, 98.4772749448452, 138.01833449959756, 99.42666040555932, 66.6687821129895, 82.02092645854896, 69.84677683110881, 108.07770022150233, 108.16673504279798, 127.26196173093257, 131.13024644634854, 106.50141740934752, 91.92957054452506, 106.39616422736675, 131.2760689056952, 110.71843994024292, 142.81525950860905, 105.7711263601189, 65.08726181948339, 77.94312079608743, 65.78548126999613, 111.05955659848553, 95.40627483092659, 112.8333273250767, 82.91497088728342, 90.51630472568725, 79.90627732906289, 115.4088810339499, 89.10064082500695, 109.15784634396437, 100.40192908690602, 90.89674284544324, 84.50008007676706, 98.04980912217128, 62.52286121922246, 89.81338112895952, 98.87230938244541, 57.5622367530104, 74.21147914340723, 88.46590629907942, 72.04925368410143, 84.26541347210039, 102.63045018701033, 95.20372907065028, 95.3588155912716, 69.55554331803134, 78.11644547134948, 106.32151620977821]
current_best_val = 0.11472653557218278
