de_sorted = [0.1550113  0.16861173 0.17133411 0.17234485 0.17646325 0.17958342
 0.18159944 0.18163103 0.1830223  0.18748302 0.18824338 0.19007261
 0.19118073 0.19289404 0.19343147 0.19362675 0.19449508 0.1950769
 0.19708832 0.19766988 0.19858194 0.2029637  0.21262805 0.21348023
 0.21419611 0.21426541 0.22179399 0.22943964 0.2378246 ]
steep_sorted = [0.34585453 0.36346153 0.3649249  0.38858862 0.39460683 0.39653231
 0.39888025 0.39933645 0.40852609 0.41234572 0.42311882 0.42892037
 0.43129713 0.4342416  0.43487207 0.43972118 0.4472572  0.44776073
 0.45197806 0.47384631 0.48512518 0.49242838 0.50501502 0.52074015
 0.5216587  0.53586473 0.54093658 0.54756457 0.58465952]
bfgs_sorted = [0.18888171 0.18986226 0.18997992 0.19262877 0.19572963 0.19633973
 0.19755211 0.19861802 0.20001394 0.20266335 0.20465795 0.20624417
 0.20862294 0.20911309 0.20990038 0.20991033 0.2103988  0.21388236
 0.2153651  0.21782944 0.21907956 0.22003503 0.22151949 0.22676225
 0.22744846 0.22910216 0.22952162 0.23150561 0.24490939]
chain_sorted = [0.18887511 0.18987671 0.18995994 0.19261825 0.19575903 0.19634662
 0.19749494 0.19857179 0.20001775 0.20268145 0.20460058 0.20625423
 0.20859297 0.20914699 0.20988928 0.20990118 0.21036262 0.21366721
 0.21386421 0.21540135 0.21782717 0.21805568 0.21834047 0.22145389
 0.22191788 0.2266541  0.22746348 0.22947559 0.24492475]
ngchain_sorted = [0.18887511 0.18987671 0.18995994 0.19261825 0.19575903 0.19634662
 0.19749494 0.19857179 0.20001775 0.20268145 0.20460058 0.20625423
 0.20859297 0.20914699 0.20988928 0.20990118 0.21036262 0.21366721
 0.21386421 0.21540135 0.21782717 0.21805568 0.21834047 0.22145389
 0.22191788 0.2266541  0.22746348 0.22947559 0.24492475]
current_best = [136.58523123710867, 96.86432834835037, 59.2645660554122, 126.1844685461173, 80.01824301283494, 70.56621188497348, 135.16867090238966, 46.944961174381945, 59.503386878814396, 158.21989048159247, 134.44835571692778, 106.71187520833976, 87.15461121717578, 65.40274797562013, 57.9115443467048, 98.93923974876179, 87.6245686180475, 87.64056472852094, 132.14318488522918, 115.67711525456194, 63.07785154459349, 70.84385944912933, 80.71024994583878, 106.2091442366188, 130.01083370640717, 143.1906090812133, 93.96007206076088, 82.83240642031838, 55.20422322666861, 98.07722610383259, 84.80839816769712, 68.4333019417155, 69.05225464604213, 38.46277712222272, 87.12928032744479, 74.03025117767402, 131.18421817721116, 87.57167228587379, 100.64391465265982, 72.04487909482059, 82.65613500558136, 116.61902430680759, 93.35844354079956, 55.864922593982115, 84.41129387738124, 81.88486306030119, 43.630843298242795, 90.43753830484623, 68.0040123782015, 133.71846975579302, 102.86982043665667, 96.2140496206758, 46.29219325747938, 95.93947915177951, 153.08076663012005, 111.31882641346935, 28.55942325466666, 102.21437557870122, 71.0728623757696, 66.696926820633, 54.07380956561577, 96.38261110476353, 88.47868158632528, 148.68747622816173, 46.1297299225046, 90.64002638073383, 96.66926707292401, 83.78311425982993, 87.05039291607177, 102.78823750109495, 143.50206244047507, 77.140230854647, 82.1389398901609, 115.88542261290152, 37.49356484876828, 65.78696197768132, 63.577550793770975, 85.16242423996111, 74.61582880162254, 71.92744700975254]
current_best_val = 0.1492323235727875
