de_sorted = [0.62211959 0.62586299 0.62915558 0.63008223 0.63221492 0.63294042
 0.63563923 0.63679193 0.63722177 0.63813215 0.63835998 0.63908788
 0.63995546 0.64034599 0.64112813 0.64273633 0.6438149  0.64386929
 0.64432763 0.64482858 0.64535577 0.64563701 0.64584583 0.6461003
 0.64844061 0.65009184 0.65035638 0.65296834 0.65320531]
steep_sorted = [0.69493122 0.69986967 0.70003404 0.71483038 0.71583769 0.72386154
 0.73077287 0.73377905 0.741653   0.74232025 0.75494539 0.76001896
 0.76135245 0.7652071  0.77835403 0.78046483 0.78487076 0.78900048
 0.78921367 0.78946675 0.79320499 0.79357332 0.80181694 0.8040114
 0.81007186 0.81262559 0.81416282 0.81649082 0.85029862]
bfgs_sorted = [0.61820495 0.62230094 0.62303167 0.62422832 0.62429681 0.62474813
 0.62572846 0.62599724 0.62692301 0.62856032 0.62955194 0.62968394
 0.63001731 0.63021363 0.63071802 0.63355838 0.63412293 0.63472478
 0.6349647  0.63624384 0.63766289 0.63901439 0.63927726 0.63973808
 0.64251865 0.64457983 0.64495209 0.64499821 0.65552273]
chain_sorted = [0.61829712 0.62230094 0.62306404 0.62422832 0.62429681 0.62488607
 0.62579328 0.62597648 0.627041   0.62863503 0.62955194 0.62967036
 0.63001043 0.63021363 0.63070683 0.63349301 0.63423148 0.634769
 0.63497909 0.63623054 0.63766289 0.63901439 0.63924659 0.63973808
 0.64243063 0.64457983 0.64495209 0.64507446 0.64691782]
ngchain_sorted = [0.61829712 0.62230094 0.62306404 0.62422832 0.62429681 0.62488607
 0.62579328 0.62597648 0.627041   0.62863503 0.62955194 0.62967036
 0.63001043 0.63021363 0.63070683 0.63349301 0.63423148 0.634769
 0.63497909 0.63623054 0.63766289 0.63901439 0.63924659 0.63973808
 0.64243063 0.64457983 0.64495209 0.64507446 0.64691782]
current_best = [85.94101208329676, 88.2309439766397, 67.96687496844244, 127.47728982458835, 140.748932385168, 177.48756858192343, 175.89947537014294, 171.70345439338274, 163.7758753279349, 172.71687103757483, 175.33235329554856, 155.28864093263942, 145.7089407657275, 151.43604139526303, 130.1632728251334, 122.24852918143448, 120.14209026383494, 152.75769806829084, 133.16329474020702, 112.89723635723453]
current_best_val = 0.601897612811353
