de_sorted = [0.51789812 0.51927272 0.51941668 0.52293934 0.52302518 0.52319525
 0.52390783 0.52448908 0.52649109 0.52651332 0.52741267 0.52839184
 0.52867862 0.52910661 0.53039733 0.5307366  0.53076246 0.53115039
 0.53227875 0.53320319 0.53322261 0.53427486 0.53489276 0.53527137
 0.53587854 0.5362732  0.53681524 0.53685933 0.53712943]
steep_sorted = [0.60141197 0.62849449 0.6507824  0.66246565 0.66315784 0.66450036
 0.66485261 0.66927836 0.68164383 0.68190664 0.68415868 0.68617903
 0.70008578 0.70014729 0.70208316 0.70584253 0.71042823 0.71213549
 0.71323724 0.72677408 0.73028682 0.73177766 0.73396353 0.73903649
 0.74014265 0.76629798 0.76878037 0.79495362 0.80773629]
bfgs_sorted = [0.51098134 0.5138338  0.51709142 0.51907304 0.51957331 0.52020045
 0.5208561  0.52206953 0.52270437 0.52293836 0.52366641 0.52433828
 0.52516002 0.52532167 0.5261211  0.5266732  0.5269116  0.52711071
 0.52737856 0.52888476 0.52895801 0.52912564 0.52983173 0.53029724
 0.53058578 0.5316097  0.53423074 0.53806372 0.53863922]
chain_sorted = [0.51098361 0.51386417 0.5170932  0.51909939 0.51957554 0.52017153
 0.52090241 0.5220541  0.52270764 0.523004   0.52366929 0.52438451
 0.52517609 0.52543775 0.52548327 0.52613735 0.52668792 0.52692797
 0.52696113 0.52711988 0.52740716 0.52888834 0.52896707 0.52912663
 0.52983396 0.53165584 0.53422483 0.53545098 0.53865441]
ngchain_sorted = [0.51098361 0.51386417 0.5170932  0.51909939 0.51957554 0.52017153
 0.52090241 0.5220541  0.52270764 0.523004   0.52366929 0.52438451
 0.52517609 0.52543775 0.52548327 0.52613735 0.52668792 0.52692797
 0.52696113 0.52711988 0.52740716 0.52888834 0.52896707 0.52912663
 0.52983396 0.53165584 0.53422483 0.53545098 0.53865441]
current_best = [76.04635966849996, 113.34693821365816, 100.29527027745387, 94.89063799386375, 73.46031846623072, 83.57192192850074, 73.71090042473804, 97.25043582815672, 135.9327949197691, 113.39727346470794, 91.10520890400915, 128.48790855523504, 105.35437933110416, 144.00181847678758, 88.73037094543581, 95.27089681424819, 165.64114105249217, 101.22020586770932, 77.81677737363226, 106.63610533952135]
current_best_val = 0.4983221986399926
