de_sorted = [0.49222293 0.49722182 0.49725019 0.49883347 0.50052896 0.50355368
 0.504631   0.50468626 0.50624822 0.50737618 0.50743473 0.50751392
 0.50812209 0.50915947 0.50918437 0.51097397 0.51289865 0.51298156
 0.51482304 0.51634599 0.51669184 0.51670674 0.51677165 0.51748666
 0.51757958 0.51833824 0.52051031 0.52563225 0.52751024]
steep_sorted = [0.59105606 0.59336829 0.59918634 0.61333468 0.61384715 0.61578084
 0.61584545 0.6176053  0.62644002 0.64238454 0.65101096 0.65183479
 0.66067746 0.66310391 0.66999865 0.67207904 0.67473751 0.68022328
 0.68299381 0.68546619 0.68701591 0.69067095 0.69333815 0.69695459
 0.69763671 0.70341147 0.70398445 0.70469916 0.71060958]
bfgs_sorted = [0.48146734 0.49321626 0.49432083 0.49768034 0.49936828 0.50078961
 0.50146965 0.50232676 0.50314837 0.50461535 0.5056454  0.50823429
 0.50841917 0.50861833 0.50965429 0.5107482  0.51097014 0.51235456
 0.51340816 0.51830926 0.51917369 0.51972623 0.52149901 0.52208019
 0.52867025 0.5287123  0.53061793 0.53622365 0.53626186]
chain_sorted = [0.48146478 0.49336252 0.49427895 0.49770891 0.49939789 0.50083937
 0.50146359 0.50224292 0.50315888 0.50466329 0.50564358 0.5061436
 0.50638051 0.50828541 0.50840969 0.50862274 0.50975258 0.51073272
 0.51098624 0.51159248 0.51228573 0.51261931 0.51669237 0.51925886
 0.51990932 0.52158816 0.52202939 0.52586418 0.53626371]
ngchain_sorted = [0.48146478 0.49336252 0.49427895 0.49770891 0.49939789 0.50083937
 0.50146359 0.50224292 0.50315888 0.50466329 0.50564358 0.5061436
 0.50638051 0.50828541 0.50840969 0.50862274 0.50975258 0.51073272
 0.51098624 0.51159248 0.51228573 0.51261931 0.51669237 0.51925886
 0.51990932 0.52158816 0.52202939 0.52586418 0.53626371]
current_best = [153.08655921571486, 154.45429476084283, 176.69613029401228, 176.18047014084766, 177.47599202925647, 169.41939832185315, 173.65230159360436, 156.49463933586733, 170.42669501142888, 160.92270596157448, 161.5309286224894, 114.08497909226696, 149.29203994739066, 124.89536598053539, 131.4707733227678, 128.0697087501422, 152.5073372149532, 135.17734090714953, 150.02324195627344, 114.33230788010418, 95.55476025476429, 147.42328695043992, 104.69474471166109, 122.1504825646377, 86.11502940713588, 108.69915590009505, 140.72956459212205, 108.49802535326404, 101.69334858141993, 111.62002456447222, 81.09487176652385, 100.10585888675969, 99.61992517645574, 100.51674096768527, 96.90754286882516, 88.4543739326532, 73.69547978130512, 83.0107990243833, 74.72122751053685, 110.17449794762904]
current_best_val = 0.42546631255551304
