de_sorted = [0.66986043 0.67258557 0.67417885 0.67570361 0.67666315 0.6768164
 0.67720114 0.67753705 0.6783917  0.67855231 0.67862594 0.67929875
 0.67985387 0.68038429 0.68041781 0.68109174 0.68168816 0.68257699
 0.6826565  0.6826792  0.68331805 0.68368595 0.68402584 0.68418402
 0.6844804  0.68488797 0.68498485 0.68899693 0.69554113]
steep_sorted = [0.71565493 0.73362078 0.73959386 0.74417209 0.75030181 0.75345655
 0.77670455 0.78111486 0.79557065 0.79919815 0.80527933 0.81037403
 0.82142231 0.82253489 0.82909228 0.83103447 0.83575517 0.84042004
 0.84107448 0.84255633 0.85164084 0.855637   0.8566072  0.87451201
 0.87875457 0.8822049  0.88819757 0.88866414 0.92347693]
bfgs_sorted = [0.66843628 0.66855487 0.66909887 0.66926766 0.66947979 0.66972906
 0.67012086 0.67023025 0.67036386 0.67070627 0.67070881 0.67239615
 0.67249348 0.67318215 0.67328162 0.67346928 0.6734875  0.67351206
 0.67402521 0.67417567 0.67426605 0.67491528 0.67604446 0.67631142
 0.67720063 0.67772578 0.677786   0.67789854 0.67940941]
chain_sorted = [0.66843563 0.66855487 0.66909993 0.66926766 0.66948456 0.66973295
 0.67012385 0.67023625 0.67036386 0.67071206 0.67071276 0.67239581
 0.67250059 0.67319146 0.67328162 0.67347885 0.6734875  0.67351534
 0.67403084 0.67418188 0.67426726 0.67491615 0.67604447 0.67629704
 0.67719887 0.67772778 0.67778707 0.6778968  0.67940941]
ngchain_sorted = [0.66843563 0.66855487 0.66909993 0.66926766 0.66948456 0.66973295
 0.67012385 0.67023625 0.67036386 0.67071206 0.67071276 0.67239581
 0.67250059 0.67319146 0.67328162 0.67347885 0.6734875  0.67351534
 0.67403084 0.67418188 0.67426726 0.67491615 0.67604447 0.67629704
 0.67719887 0.67772778 0.67778707 0.6778968  0.67940941]
current_best = [76.0366842758681, 96.29377349421104, 174.2960205871754, 107.8269170360886, 97.17507010509496, 122.63467782449847, 95.51340629846699, 122.51952589594438, 86.25153578168457, 108.79832894894867]
current_best_val = 0.6590823293892345
