de_sorted = [0.52526234 0.52622809 0.52887131 0.5290487  0.52934537 0.53014539
 0.53260435 0.53624151 0.53729151 0.53863783 0.53914334 0.54026531
 0.5403553  0.54042078 0.54043176 0.54342627 0.54416354 0.54464899
 0.545305   0.54570073 0.54573135 0.54655968 0.54666065 0.54721943
 0.54727165 0.54786299 0.55156679 0.55463076 0.55857467]
steep_sorted = [0.6606745  0.66723637 0.66828238 0.67623994 0.68167714 0.68651352
 0.68799497 0.69054267 0.69354669 0.70688568 0.72064218 0.72572765
 0.72656281 0.72848284 0.74382392 0.74593981 0.7490962  0.75429284
 0.75973377 0.76496578 0.76502444 0.78213262 0.78602485 0.79266965
 0.79650554 0.81046496 0.81081876 0.83480602 0.84229803]
bfgs_sorted = [0.52248217 0.52902671 0.53024558 0.53109939 0.53194868 0.53236834
 0.53363327 0.53399027 0.53491291 0.53553773 0.53652099 0.53658572
 0.53723576 0.53785818 0.53829781 0.53946328 0.53970471 0.54034713
 0.54035881 0.5408584  0.5412687  0.54147897 0.54329565 0.5478106
 0.54814311 0.54919525 0.55017494 0.55232225 0.55463513]
chain_sorted = [0.5224918  0.52902264 0.53024558 0.53109939 0.53194868 0.53236834
 0.53363986 0.53399027 0.53492006 0.53553773 0.53652099 0.53662029
 0.53723576 0.53785818 0.53830196 0.53854865 0.53970471 0.54036833
 0.54037713 0.54086833 0.5412992  0.54147897 0.54328387 0.54379964
 0.54813897 0.54919525 0.55017494 0.55232225 0.55308301]
ngchain_sorted = [0.5224918  0.52902264 0.53024558 0.53109939 0.53194868 0.53236834
 0.53363986 0.53399027 0.53492006 0.53553773 0.53652099 0.53662029
 0.53723576 0.53785818 0.53830196 0.53854865 0.53970471 0.54036833
 0.54037713 0.54086833 0.5412992  0.54147897 0.54328387 0.54379964
 0.54813897 0.54919525 0.55017494 0.55232225 0.55308301]
current_best = [72.25037485329992, 91.3665136079514, 173.82614278924063, 100.63891377961534, 94.50484295987154, 135.70769618389016, 127.46431960025751, 122.35245631672362, 82.89630736386309, 134.7656016049194, 107.94975014567244, 111.16408118273918, 86.2060789652322, 105.55987175227746, 76.72598367184439, 82.6069796517122, 86.90672964299303, 95.76017525606689, 108.29194119528155, 100.1968696852899]
current_best_val = 0.5022508916156163
