de_sorted = [0.52289403 0.53253209 0.53437433 0.53748073 0.53923152 0.53936797
 0.54068271 0.54098701 0.54340151 0.54403309 0.54483802 0.54610314
 0.54612275 0.54645404 0.54691125 0.54906029 0.55014485 0.55029725
 0.55301297 0.55388547 0.55518548 0.55635645 0.55694239 0.55705737
 0.55724354 0.55764791 0.55787784 0.55833721 0.56048555]
steep_sorted = [0.67158    0.67403109 0.6787451  0.68040393 0.68602277 0.6889621
 0.69203086 0.69481077 0.69874476 0.70424141 0.70528222 0.70760417
 0.70967564 0.71115416 0.71540194 0.71563644 0.71892739 0.72107409
 0.72112616 0.72747165 0.72872381 0.73188948 0.73508122 0.73996309
 0.74770233 0.75222666 0.75245548 0.76832335 0.7850878 ]
bfgs_sorted = [0.52978647 0.53288688 0.53408588 0.53522985 0.53646141 0.537537
 0.5395746  0.54212573 0.54296069 0.5455803  0.54738873 0.54883072
 0.54886729 0.54942129 0.55001672 0.55011693 0.55145245 0.55243905
 0.55261209 0.55295831 0.55340843 0.55414917 0.55426965 0.55660136
 0.55712901 0.56105604 0.56154185 0.5629747  0.56320587]
chain_sorted = [0.52980491 0.532888   0.53403032 0.53527399 0.53646738 0.53755572
 0.53963074 0.5421258  0.54296251 0.54556563 0.54737973 0.54869901
 0.54882931 0.54886237 0.54939667 0.55002767 0.55010987 0.55145695
 0.55261017 0.55293486 0.55340213 0.55415511 0.55421379 0.55663149
 0.55715051 0.56095377 0.56105035 0.56296185 0.56321302]
ngchain_sorted = [0.52980491 0.532888   0.53403032 0.53527399 0.53646738 0.53755572
 0.53963074 0.5421258  0.54296251 0.54556563 0.54737973 0.54869901
 0.54882931 0.54886237 0.54939667 0.55002767 0.55010987 0.55145695
 0.55261017 0.55293486 0.55340213 0.55415511 0.55421379 0.55663149
 0.55715051 0.56095377 0.56105035 0.56296185 0.56321302]
current_best = [75.81458196221561, 99.07231451833997, 55.60980070743744, 114.234864137587, 153.06017576292, 105.56567988258311, 89.45166132708124, 101.20827501463528, 97.8435494030418, 163.3027507616276, 179.76136844672592, 175.04633724986985, 150.22559365980487, 179.68812832079456, 164.26751403968115, 176.2059426685225, 142.83295376270982, 167.45852352462862, 143.0062139497607, 174.92364987928934, 86.66896102361417, 120.97095767161521, 156.63867229400697, 151.16811461812972, 123.58839523230388, 84.98287206752005, 91.31789073525889, 122.56392478949552, 155.2867526596974, 135.90618763635402]
current_best_val = 0.5199326627869274
