de_sorted = [0.28392966 0.2883508  0.29304586 0.2930698  0.29530918 0.29564672
 0.2965416  0.29729526 0.2979636  0.29897283 0.29899747 0.30094962
 0.30110455 0.30143246 0.30151777 0.30307932 0.30421497 0.30520183
 0.30543616 0.30621924 0.30655824 0.30762427 0.30814271 0.30815217
 0.31237991 0.31396665 0.31619858 0.31756194 0.31890947]
steep_sorted = [0.41166426 0.41498503 0.41808701 0.43410073 0.44638729 0.45380329
 0.45796833 0.46110678 0.46350406 0.46604261 0.46899352 0.46952385
 0.46995172 0.4810154  0.48291489 0.48404038 0.48428164 0.48753146
 0.49254557 0.50028521 0.50307689 0.51344043 0.51476781 0.5250841
 0.52522639 0.54308748 0.55290713 0.58509744 0.59321366]
bfgs_sorted = [0.2782317  0.27960992 0.28639624 0.28653645 0.286599   0.28958736
 0.2934981  0.2951771  0.29596744 0.29724497 0.29847139 0.29883834
 0.29944094 0.30055632 0.30069859 0.30075158 0.30075703 0.30084767
 0.30150345 0.30245804 0.30314113 0.30490348 0.30494828 0.30514774
 0.30596025 0.30683329 0.30997493 0.32063713 0.32119874]
chain_sorted = [0.2782317  0.27960992 0.28639624 0.28653645 0.286599   0.28958736
 0.2906912  0.2934981  0.2951771  0.29596744 0.29724497 0.29847139
 0.29883834 0.29944094 0.30055632 0.30075158 0.30075703 0.30084767
 0.30150345 0.30245804 0.30314113 0.30490348 0.30494828 0.30514774
 0.30596025 0.30683329 0.30997493 0.31318012 0.32119874]
ngchain_sorted = [0.2782317  0.27960992 0.28639624 0.28653645 0.286599   0.28958736
 0.2906912  0.2934981  0.2951771  0.29596744 0.29724497 0.29847139
 0.29883834 0.29944094 0.30055632 0.30075158 0.30075703 0.30084767
 0.30150345 0.30245804 0.30314113 0.30490348 0.30494828 0.30514774
 0.30596025 0.30683329 0.30997493 0.31318012 0.32119874]
current_best = [163.34214573579862, 109.29141896456531, 154.25722747306833, 116.02463719165463, 160.44058578424668, 114.55022506815072, 155.70973297431476, 134.87386152749318, 148.67726057615369, 79.46194022185215, 96.6353113824851, 105.38646139939279, 101.3005666588686, 105.75170466867431, 86.52973774627436, 136.4022486327167, 56.057369330604516, 115.83887666847882, 83.88022887688962, 103.32663727527606, 107.10239699937765, 119.49467037509467, 103.75816871575401, 100.23863469237467, 113.67026724121573, 164.15262325870827, 88.16072703952698, 108.26276918850009, 141.36579632177344, 106.4999348635403, 113.67616885015089, 111.53463585653117, 108.59969292155554, 108.34544089179111, 123.39789613388282, 116.30324273052359, 138.9215777475614, 111.7402757391241, 122.8793203506509, 103.37559956669986, 82.98866900472943, 69.42866620437455, 85.1170062093903, 94.93325819669735, 94.79532259844959, 83.99447922918758, 77.44024551422476, 83.47186565341813, 83.88091260139673, 89.16446073361797, 76.02467943348556, 78.09432357719201, 64.837511675996, 79.63975938208989, 67.53268470759913, 79.48672600926379, 62.99870761348845, 73.00610417583952, 60.95351589333951, 83.10329187439667]
current_best_val = 0.24465815738606717
