de_sorted = [0.47002681 0.47332832 0.47492191 0.47629993 0.47781291 0.47974814
 0.47997851 0.48009373 0.4811424  0.48359777 0.4853968  0.48546201
 0.48621893 0.48773698 0.4888118  0.48963411 0.4900202  0.49024366
 0.49224142 0.49347384 0.49423206 0.49537405 0.49832008 0.49913802
 0.50242115 0.50286527 0.50837565 0.51118324 0.51131539]
steep_sorted = [0.59109043 0.59911004 0.60942676 0.61008093 0.61435887 0.61829811
 0.61911573 0.61955306 0.61968592 0.62265682 0.62870779 0.63383042
 0.63851269 0.63937631 0.64044307 0.65099432 0.65338597 0.65505374
 0.65833325 0.66205898 0.67733236 0.68147669 0.68342804 0.68741166
 0.68854681 0.69736372 0.72128616 0.73316604 0.74144784]
bfgs_sorted = [0.46036257 0.47659616 0.4775891  0.48036609 0.4819148  0.48771925
 0.48777303 0.4884636  0.4892524  0.48978126 0.49048719 0.4923568
 0.49238231 0.49282621 0.49346495 0.4947126  0.49525536 0.49581569
 0.49603759 0.4968098  0.49749315 0.49768796 0.50080033 0.50123138
 0.50654685 0.50883529 0.51017879 0.51131488 0.5115841 ]
chain_sorted = [0.46032648 0.47659616 0.4775891  0.48035822 0.48195204 0.48672568
 0.48772741 0.48783985 0.48850519 0.48924646 0.48938025 0.48972025
 0.49048811 0.49233283 0.49238738 0.49286066 0.49344005 0.4952367
 0.49585134 0.49607492 0.49685406 0.49743381 0.49769229 0.50084898
 0.50122996 0.50657666 0.5088195  0.5102     0.51126665]
ngchain_sorted = [0.46032648 0.47659616 0.4775891  0.48035822 0.48195204 0.48672568
 0.48772741 0.48783985 0.48850519 0.48924646 0.48938025 0.48972025
 0.49048811 0.49233283 0.49238738 0.49286066 0.49344005 0.4952367
 0.49585134 0.49607492 0.49685406 0.49743381 0.49769229 0.50084898
 0.50122996 0.50657666 0.5088195  0.5102     0.51126665]
current_best = [134.2649092221821, 175.4960922358301, 154.6347632391785, 173.4668861306521, 145.03697977736317, 106.8707915379767, 76.31627779299504, 95.42184680699184, 153.48356459718124, 147.9580861581023, 149.92890159725212, 171.00559078469217, 172.16005071383634, 165.68641713070033, 131.1715272211713, 102.39722331711488, 130.44811277484476, 119.40675349625764, 109.70869075788777, 98.29774031457535, 75.54147580969214, 97.18919766758002, 148.71214779508665, 178.21158316630397, 167.6816045595232, 132.30733032286858, 176.46117756640567, 149.5761935664156, 89.76711664494341, 85.19007330864636, 76.8415496109246, 86.83488403664023, 70.79824163263727, 66.5957862165986, 161.34007013658433, 112.75784402200362, 68.95452308563188, 148.65109316522393, 97.13010572392463, 123.77240831188057]
current_best_val = 0.4557357186097397
