de_sorted = [0.42610533 0.42813655 0.43073992 0.43257893 0.43497867 0.43526177
 0.4375441  0.43856953 0.4398042  0.43984585 0.4409968  0.44363986
 0.44388153 0.44616652 0.44801149 0.44838567 0.44885866 0.45018533
 0.45154371 0.45229754 0.4538946  0.45772792 0.45981247 0.46005929
 0.46166354 0.46491891 0.47677996 0.48002292 0.49145419]
steep_sorted = [0.59834156 0.60231249 0.62548192 0.63787596 0.65916628 0.68542745
 0.68767353 0.6938148  0.70688733 0.7078178  0.70793337 0.71553222
 0.71562737 0.72471564 0.73020626 0.73691894 0.73714308 0.74244454
 0.74892406 0.75067028 0.75287629 0.76158945 0.76706993 0.77026729
 0.78250363 0.78254657 0.83118586 0.84100315 0.84766078]
bfgs_sorted = [0.42320949 0.43147653 0.43314519 0.43682114 0.43765289 0.43810837
 0.44083972 0.44139379 0.44359038 0.44399614 0.44736057 0.44741234
 0.44826532 0.45339276 0.45348972 0.45689352 0.45737197 0.45849886
 0.4596711  0.4618182  0.4628831  0.46523947 0.46735015 0.46776809
 0.47002587 0.47013495 0.47442951 0.47510391 0.47673996]
chain_sorted = [0.42320417 0.4314715  0.43313983 0.43680431 0.43765053 0.43810833
 0.44081522 0.44139014 0.4436204  0.44399425 0.44737248 0.44741273
 0.44828578 0.45336462 0.45349681 0.45688683 0.45735376 0.4584962
 0.45966617 0.46180796 0.46181459 0.46287542 0.46525424 0.4673506
 0.46776842 0.46951329 0.47000607 0.47506334 0.47674015]
ngchain_sorted = [0.42320417 0.4314715  0.43313983 0.43680431 0.43765053 0.43810833
 0.44081522 0.44139014 0.4436204  0.44399425 0.44737248 0.44741273
 0.44828578 0.45336462 0.45349681 0.45688683 0.45735376 0.4584962
 0.45966617 0.46180796 0.46181459 0.46287542 0.46525424 0.4673506
 0.46776842 0.46951329 0.47000607 0.47506334 0.47674015]
current_best = [73.33551476021424, 70.20595023086655, 73.066919418602, 74.84814108090684, 60.837709120509054, 92.20469842720162, 62.90825410540527, 96.18019865098451, 78.1664391603815, 99.9296843625208, 92.40635832796328, 102.85381191830936, 83.24205867302592, 101.93778694703383, 79.31830951039656, 114.83281082164132, 93.15267953478846, 85.57884404235173, 90.78651899884666, 78.74373613375236]
current_best_val = 0.4027392420593928
