de_sorted = [0.25504364 0.25536983 0.27482685 0.27682741 0.27883052 0.28082674
 0.28161094 0.28244437 0.2848944  0.28588643 0.28643738 0.28765299
 0.28828271 0.29045137 0.29372778 0.29427134 0.29746063 0.29829641
 0.29955557 0.30537137 0.31360187 0.31430083 0.31685575 0.31826837
 0.32007093 0.32108925 0.32556274 0.32731278 0.33115189]
steep_sorted = [0.39683088 0.48413455 0.48568135 0.48630512 0.50013771 0.52230901
 0.52552086 0.52824404 0.53066358 0.53082652 0.53421983 0.54725836
 0.54885838 0.55640219 0.57778718 0.58032866 0.58369709 0.586159
 0.58625937 0.59182202 0.59703763 0.5983668  0.60027159 0.61286566
 0.61752467 0.6197616  0.62678116 0.64272981 0.68134274]
bfgs_sorted = [0.24987829 0.26242179 0.26689103 0.27309846 0.27533197 0.28779881
 0.2901993  0.29162574 0.29408122 0.29466959 0.29513418 0.29882153
 0.29898487 0.29932403 0.29945607 0.29959021 0.30020721 0.30132246
 0.30247491 0.31216406 0.31391629 0.31525927 0.31558781 0.31754579
 0.32495941 0.32598055 0.32810653 0.32969658 0.33339437]
chain_sorted = [0.24986095 0.26241905 0.26691573 0.27310369 0.27533667 0.28780021
 0.29020512 0.29162916 0.29406237 0.29470038 0.29515106 0.29644056
 0.29886376 0.29899964 0.29934921 0.29943888 0.29960939 0.30022585
 0.30132087 0.30254338 0.31392962 0.315259   0.31559864 0.31620934
 0.31753206 0.3208049  0.32600836 0.32812666 0.32974569]
ngchain_sorted = [0.24986095 0.26241905 0.26691573 0.27310369 0.27533667 0.28780021
 0.29020512 0.29162916 0.29406237 0.29470038 0.29515106 0.29644056
 0.29886376 0.29899964 0.29934921 0.29943888 0.29960939 0.30022585
 0.30132087 0.30254338 0.31392962 0.315259   0.31559864 0.31620934
 0.31753206 0.3208049  0.32600836 0.32812666 0.32974569]
current_best = [46.291819789112616, 88.06603275330033, 97.51677875684693, 177.1693031763039, 148.79869163229992, 88.72293984490585, 79.296495061475, 72.1771232191507, 109.03736863442428, 92.99264211532473, 76.7803857960559, 86.9702004122731, 132.72346246713306, 163.9125703073035, 115.06818587474085, 84.13366832549914, 75.79658185723986, 78.24511269329105, 90.61353060602826, 114.32459843316975, 88.55643742653827, 86.44510519301372, 93.92747101223271, 84.85245759538908, 103.03922522803985, 85.11004132035929, 83.5729782364839, 86.35557534577535, 122.5888208303472, 128.0519733264277, 90.27009617329192, 70.36195873500088, 100.35943766580728, 75.29052407371886, 89.12645223862818, 92.5838602935365, 93.30830155273141, 78.11913310859636, 79.54565757255679, 72.02626720027602, 72.48207469433586, 72.54542974167006, 54.62785525547346, 73.40632882452574, 73.07956953010161, 78.76278486091101, 67.832283019668, 80.62453897336582, 80.24235692011848, 77.69365088002137]
current_best_val = 0.20142229393767178
