de_sorted = [0.30856158 0.31572345 0.31591731 0.31814325 0.31901264 0.3209212
 0.32219452 0.32459089 0.32716404 0.32815705 0.32979573 0.33097943
 0.33147537 0.33165126 0.33205708 0.33254489 0.33260795 0.33323755
 0.3332606  0.33465106 0.33578932 0.33724526 0.33907832 0.33948068
 0.34315299 0.34613049 0.34744247 0.3496882  0.35512343]
steep_sorted = [0.46467637 0.48738868 0.48905008 0.48947234 0.4933721  0.49622129
 0.50165221 0.51529052 0.52084426 0.52271456 0.52276646 0.52683476
 0.5372917  0.53761149 0.54731493 0.54817726 0.55256866 0.55739289
 0.56007471 0.56241877 0.56789549 0.57180298 0.57656778 0.58301877
 0.58687538 0.60023468 0.60040731 0.60313785 0.64770728]
bfgs_sorted = [0.31243838 0.31408989 0.31661953 0.32113598 0.32599136 0.32607488
 0.32856909 0.32972242 0.33053517 0.33130229 0.33149502 0.33167121
 0.33257632 0.33402929 0.33497106 0.33567718 0.33592074 0.33705437
 0.33925026 0.33929519 0.33931771 0.34301513 0.34342337 0.34441651
 0.34645007 0.34701654 0.3493444  0.34951855 0.35160965]
chain_sorted = [0.31242238 0.31385101 0.3140926  0.32096826 0.32318222 0.32599859
 0.32603896 0.3264516  0.32838212 0.32848336 0.32965653 0.33052651
 0.33151964 0.33162132 0.33162575 0.33164427 0.33259454 0.33401558
 0.33412958 0.33458753 0.33495383 0.33607478 0.3368766  0.33926145
 0.34078532 0.34302044 0.34341497 0.34503697 0.34647848]
ngchain_sorted = [0.31242238 0.31385101 0.3140926  0.32096826 0.32318222 0.32599859
 0.32603896 0.3264516  0.32838212 0.32848336 0.32965653 0.33052651
 0.33151964 0.33162132 0.33162575 0.33164427 0.33259454 0.33401558
 0.33412958 0.33458753 0.33495383 0.33607478 0.3368766  0.33926145
 0.34078532 0.34302044 0.34341497 0.34503697 0.34647848]
current_best = [110.83166307450442, 107.00874646886389, 145.21816887304868, 125.14313552432606, 127.34369809876513, 98.26470321589574, 112.39620516310183, 98.1501461448287, 121.99752478580777, 88.62426310665083, 144.1235505824474, 100.4837767302374, 138.58009706660957, 112.72233634474671, 132.45055260918573, 107.2205116283921, 89.14873206839324, 97.09092236058802, 96.29407987928406, 84.96855440314333, 87.58123601459405, 109.98964333610064, 102.78825376265597, 109.43045499121666, 70.89429381947834, 110.57487238370635, 150.42761160584885, 125.30831811502583, 90.54609104780606, 91.831150592012, 96.76424119449196, 100.51010025862162, 82.09086804197108, 97.1633440612338, 65.44527067859156, 91.38338975951942, 126.29821175652017, 83.43936076705279, 66.80280039602549, 85.6231348044954, 58.37883512234641, 71.24058742360243, 77.18969754321697, 68.53748687717285, 75.08854511745653, 74.85775186292709, 67.92376778052835, 80.91195562651386, 63.90523636175554, 85.72380824816777]
current_best_val = 0.2574565997963196
