de_sorted = [1.74963032e-06 1.75135164e-06 1.76265357e-06 1.76797863e-06
 1.85628212e-06 1.93024969e-06 1.93063478e-06 1.93226294e-06
 1.94267909e-06 1.95709512e-06 1.96128845e-06 2.12866129e-06
 2.12869316e-06 2.12885868e-06 2.13070374e-06 2.15664727e-06
 2.16338786e-06 2.20609405e-06 2.23950030e-06 2.36619777e-06
 2.38567385e-06 2.43120456e-06 2.59002689e-06 2.59027384e-06
 2.62458052e-06 2.62474443e-06 2.63097824e-06 2.69334705e-06
 4.92706419e-06]
steep_sorted = [0.00820125 0.00854096 0.00906152 0.0095361  0.00956436 0.00981342
 0.01071018 0.01173905 0.01177059 0.01229011 0.01241391 0.0128498
 0.01312663 0.0132963  0.01396959 0.01463958 0.01467132 0.01485917
 0.01550698 0.01556114 0.01722278 0.0173829  0.01744969 0.01775015
 0.01811307 0.01814837 0.01904647 0.02043835 0.02261319]
bfgs_sorted = [2.70167209e-06 2.90396453e-06 2.90824359e-06 2.99718198e-06
 3.03414714e-06 3.21883956e-06 3.22747374e-06 3.25338186e-06
 3.27976841e-06 3.31241061e-06 3.31544756e-06 3.55230626e-06
 3.57844211e-06 3.58039575e-06 3.71109167e-06 3.87328948e-06
 3.94524672e-06 4.28633421e-06 4.77419137e-06 4.87918359e-06
 5.05836724e-06 5.36774721e-06 5.92589897e-06 6.29790489e-06
 6.34819719e-06 6.61660151e-06 7.02916194e-06 8.33294159e-06
 8.61424604e-06]
chain_sorted = [1.61164259e-06 1.77744502e-06 1.87779415e-06 1.94206232e-06
 1.95956600e-06 1.96029205e-06 1.96271079e-06 1.97387372e-06
 1.98872321e-06 2.14039804e-06 2.14428976e-06 2.14670891e-06
 2.15137399e-06 2.15478879e-06 2.15663287e-06 2.16402172e-06
 2.16808434e-06 2.37694428e-06 2.37763242e-06 2.38925235e-06
 2.60775198e-06 2.61303355e-06 2.65419343e-06 2.70167209e-06
 2.86467809e-06 2.88203440e-06 2.89800787e-06 3.27976841e-06
 3.52936128e-06]
ngchain_sorted = [1.61164259e-06 1.77744502e-06 1.87779415e-06 1.94206232e-06
 1.95956600e-06 1.96029205e-06 1.96271079e-06 1.97387372e-06
 1.98872321e-06 2.14039804e-06 2.14428976e-06 2.14670891e-06
 2.15137399e-06 2.15478879e-06 2.15663287e-06 2.16402172e-06
 2.16808434e-06 2.37694428e-06 2.37763242e-06 2.38925235e-06
 2.60775198e-06 2.61303355e-06 2.65419343e-06 2.70167209e-06
 2.86467809e-06 2.88203440e-06 2.89800787e-06 3.27976841e-06
 3.52936128e-06]
current_best = [57.137534077332994, 72.63345419969755, 172.5115497159443, 69.32940085187087, 172.94514710461218, 70.43662944962392, 59.36639782388555, 69.81189095115626, 56.89886557084393, 71.0161163208292, 173.40971921070644, 69.99773110280199, 57.993252143138456, 71.89512563809943, 172.496223283311, 70.79358548816647, 59.65257112290264, 68.88620785986426, 58.32542596174435, 67.83016555569019, 60.3607325558532, 69.0029737600107, 56.69025248290752, 72.1042922167118, 56.96984937277056, 71.07550005647076, 172.72941243371343, 70.4487217307555, 59.20618000202536, 71.26160824407714, 170.65636219425733, 71.07996141556893, 56.96014931645642, 73.97501320122912, 172.06478916546348, 70.6284921890501, 56.05362603929412, 73.42546359833693, 55.97729827920369, 71.39750353967057, 172.83867953678293, 73.06730366512284, 170.10913719947544, 74.04902174165929, 56.5108957069534, 71.60238926191774, 172.02890994502982, 69.40727355543162, 173.13721988705663, 72.80609239935445, 58.91743451193204, 67.21672667152573, 60.386230848230916, 68.85315288836955, 173.09503134166746, 72.57329130233681, 56.37694024665522, 70.92146073008277, 172.68682681940393, 72.65941954733886, 56.11756284441328, 73.42071108370543, 55.8320321488743, 70.60159418219851, 57.90962529343203, 70.76255977761095, 174.17749609135052, 69.43106287619491, 173.19630526714886, 71.77664528800904]
current_best_val = 1.6116425926027134e-06
