de_sorted = [1.20691548e-05 1.34255460e-05 1.34349518e-05 1.34967144e-05
 1.36123179e-05 1.42713663e-05 1.46540336e-05 1.46540438e-05
 1.46590816e-05 1.46601615e-05 1.47519567e-05 1.47519926e-05
 1.47524631e-05 1.48120156e-05 1.55317598e-05 1.61644121e-05
 1.61645953e-05 1.61702085e-05 1.62592602e-05 1.62728334e-05
 1.65150564e-05 1.78301532e-05 1.78301736e-05 1.78307590e-05
 1.79566984e-05 1.79826226e-05 1.96677184e-05 1.96869361e-05
 2.85442240e-05]
steep_sorted = [0.00726677 0.00824021 0.00840378 0.0113625  0.01148392 0.01207307
 0.01350422 0.01352386 0.01478049 0.01499398 0.0152516  0.01564297
 0.0160179  0.01627344 0.01659043 0.0166208  0.0168989  0.0170787
 0.01750281 0.01783494 0.01875377 0.01901499 0.0190203  0.02016447
 0.02112786 0.02304504 0.0232274  0.02709586 0.02805028]
bfgs_sorted = [1.61668519e-05 1.62739146e-05 1.62777608e-05 1.62783327e-05
 1.64926558e-05 1.79509170e-05 1.79528244e-05 1.81915927e-05
 1.98014725e-05 2.02001657e-05 2.22831308e-05 2.30133031e-05
 2.40910008e-05 2.44150652e-05 2.44155202e-05 2.67516053e-05
 2.72930586e-05 3.19309955e-05 3.27669493e-05 3.27670935e-05
 3.28372144e-05 3.93415139e-05 4.43649752e-05 5.17082511e-05
 5.34151458e-05 5.53832935e-05 6.40203013e-05 6.42679799e-05
 8.88065236e-05]
chain_sorted = [1.20461981e-05 1.20462835e-05 1.20466986e-05 1.32881706e-05
 1.32883575e-05 1.32884181e-05 1.32896314e-05 1.33765283e-05
 1.46552599e-05 1.46564816e-05 1.46577710e-05 1.47534156e-05
 1.48531123e-05 1.61658186e-05 1.61665525e-05 1.61680504e-05
 1.61686903e-05 1.62741345e-05 1.62745903e-05 1.62749902e-05
 1.62757092e-05 1.62757311e-05 1.62763020e-05 1.63377834e-05
 1.63822458e-05 1.78308614e-05 1.78328975e-05 1.78345011e-05
 1.98020237e-05]
ngchain_sorted = [1.20461981e-05 1.20462835e-05 1.20466986e-05 1.32881706e-05
 1.32883575e-05 1.32884181e-05 1.32896314e-05 1.33765283e-05
 1.46552599e-05 1.46564816e-05 1.46577710e-05 1.47534156e-05
 1.48531123e-05 1.61658186e-05 1.61665525e-05 1.61680504e-05
 1.61686903e-05 1.62741345e-05 1.62745903e-05 1.62749902e-05
 1.62757092e-05 1.62757311e-05 1.62763020e-05 1.63377834e-05
 1.63822458e-05 1.78308614e-05 1.78328975e-05 1.78345011e-05
 1.98020237e-05]
current_best = [57.643439432698145, 70.7188620399797, 57.94707470186268, 70.45866146560677, 57.92722538332119, 70.67186147644505, 173.0787930539366, 71.03695375946513, 172.95114878005717, 71.18062874842342, 172.92868606169333, 70.68211371179942, 173.17535336801436, 70.98566973131693, 57.52765455160128, 70.68746836068502, 173.34399647572997, 70.49661129551235, 57.79907426341916, 70.80751411733227, 173.15463632608666, 70.70869135460202, 57.52418543787175, 71.05898122925821, 173.11861952612205, 70.51028433841192, 173.36509483857142, 70.7361292605894, 173.04851313132392, 70.99047611909454, 173.07284995066513, 70.55561201872996, 57.88226808567591, 70.78205241542764, 57.45210134805344, 71.04108018221864, 57.70227684696342, 70.66336582658404, 173.14801318324788, 71.04303910515289, 173.04202848131524, 70.59742579895017, 173.28545091221295, 70.7174526188419, 57.6864577760383, 70.89372410539585, 173.03258190947068, 70.70892583522647, 173.3679076084833, 70.49204285300202, 173.16652570227149, 70.92995413391026, 173.07392881036571, 70.8588210578102, 173.07847949129803, 70.70488320268875, 173.3751936260819, 70.35488347657824, 57.816792022016735, 70.89865800782331]
current_best_val = 1.2045760477086276e-05
