de_sorted = [0.21294212 0.2173793  0.22207519 0.2225855  0.22301511 0.22360994
 0.22420569 0.22561143 0.22668376 0.22725263 0.22765906 0.22876863
 0.22915969 0.23167201 0.23167937 0.23184223 0.23306882 0.2335236
 0.23374593 0.23411649 0.23478093 0.23514618 0.23718297 0.24090595
 0.24241167 0.24397982 0.24750522 0.24830625 0.24923207]
steep_sorted = [0.33431451 0.3441982  0.3481037  0.35046478 0.35541195 0.36467422
 0.3673536  0.37768663 0.37866495 0.38649987 0.39103412 0.39280475
 0.39284996 0.39814436 0.39829591 0.39851338 0.39952251 0.40499822
 0.40676666 0.40949626 0.40952013 0.41308868 0.41516332 0.41806482
 0.42100538 0.46233394 0.4807202  0.48679502 0.50397754]
bfgs_sorted = [0.21755244 0.22216277 0.22528316 0.22640026 0.22692343 0.2269532
 0.22723421 0.22742822 0.2274742  0.22780215 0.22794798 0.22834808
 0.22857949 0.22861628 0.22893924 0.22961485 0.23003019 0.23351742
 0.23378344 0.23931435 0.24025418 0.24145272 0.24205339 0.2420805
 0.24311707 0.24336648 0.24683401 0.24711868 0.24838166]
chain_sorted = [0.2175546  0.22251697 0.2252984  0.22641189 0.22688588 0.22692935
 0.22723388 0.22742112 0.22757007 0.22776762 0.22798928 0.22820748
 0.22857662 0.22862529 0.22893301 0.22952787 0.23007302 0.23353853
 0.23378217 0.23945215 0.24015444 0.24157622 0.24200662 0.24214498
 0.24305186 0.24339066 0.24696138 0.24712586 0.24824571]
ngchain_sorted = [0.2175546  0.22251697 0.2252984  0.22641189 0.22688588 0.22692935
 0.22723388 0.22742112 0.22757007 0.22776762 0.22798928 0.22820748
 0.22857662 0.22862529 0.22893301 0.22952787 0.23007302 0.23353853
 0.23378217 0.23945215 0.24015444 0.24157622 0.24200662 0.24214498
 0.24305186 0.24339066 0.24696138 0.24712586 0.24824571]
current_best = [133.86721302535665, 108.8897854894778, 133.48617040901624, 97.33280766798467, 80.52636363794059, 67.54169101749014, 70.28230334806604, 64.26785612569452, 70.51772954133435, 145.6419155124809, 82.12717325408862, 135.19971393079663, 139.29182426352676, 86.05844964199709, 126.47130456418125, 118.23809324142826, 73.91092715550475, 84.23142830206615, 42.84319495749788, 116.42117143281723, 135.482549042621, 91.21716584974256, 50.042206427084224, 113.58022125543667, 129.62115358647978, 131.2864357230387, 73.32615876482363, 131.0540802233991, 135.73681763865983, 84.73497006952798, 87.38158176823097, 69.52677792335186, 61.41908596235011, 107.24026737062836, 78.56949829271943, 82.00302538500563, 121.17126531492423, 84.62881510724273, 77.28537000588386, 92.29558113671514, 75.4953081448619, 92.6628148929003, 119.3759093796964, 118.9177822258082, 78.62460564203664, 90.61712642025108, 76.57414629404688, 106.58898060448712, 100.81707694764344, 49.542118814090415, 27.89324489675397, 79.599630259604, 62.343647475263786, 105.3068061872175, 35.854074617509326, 119.12338008171514, 49.48206189365757, 78.99892979243879, 93.95838107580745, 126.69059144339899, 155.9656605453538, 139.04650131499093, 59.40150184761081, 73.12480620588713, 76.62489773754578, 69.36186565105471, 74.1913604904523, 64.4179926740535, 72.77901221046731, 120.34219221425832, 109.96515732220509, 77.68033269813618, 93.4334668559915, 100.36657601611515, 139.23579587044816, 134.86322648854494, 84.29712966626943, 143.66589082617614, 85.78145163860054, 133.49281616730462]
current_best_val = 0.2016393232881096
