de_sorted = [0.46521402 0.46818407 0.47395318 0.47411402 0.47996578 0.48181872
 0.48331389 0.48500108 0.49150074 0.49582142 0.49792781 0.49888869
 0.4990203  0.50041844 0.50090296 0.50295865 0.5034095  0.50764628
 0.51019453 0.51108331 0.51355782 0.51752165 0.52166448 0.52207979
 0.52396582 0.52751282 0.52783858 0.53463102 0.53493403]
steep_sorted = [0.64374755 0.64825345 0.66117313 0.67460069 0.6945884  0.69496632
 0.69951773 0.70708598 0.71061241 0.71156219 0.71762293 0.72131111
 0.72630436 0.72734197 0.74166153 0.74474459 0.75187645 0.75789528
 0.75960718 0.76895824 0.7711568  0.7827682  0.79138002 0.79173459
 0.79710874 0.80599958 0.83873279 0.84233579 0.85349249]
bfgs_sorted = [0.43302784 0.4548175  0.45780631 0.45912507 0.4673277  0.46827375
 0.46990418 0.4766906  0.47699445 0.47717579 0.47744489 0.47920683
 0.48148153 0.48195664 0.48328943 0.48591146 0.48607385 0.4893103
 0.4919528  0.49303726 0.49365774 0.49488594 0.49665544 0.50190438
 0.50429646 0.50578656 0.51074752 0.51760887 0.52842782]
chain_sorted = [0.43302784 0.4548175  0.45780631 0.45912507 0.4673277  0.46827375
 0.46990418 0.4766906  0.47699445 0.47717579 0.47744489 0.47920683
 0.48148153 0.48195664 0.48328943 0.48591146 0.48607385 0.4893103
 0.4919528  0.49303726 0.49365774 0.49488594 0.49665544 0.50190438
 0.50429646 0.50578656 0.51074752 0.51760887 0.52842782]
ngchain_sorted = [0.43302784 0.4548175  0.45780631 0.45912507 0.4673277  0.46827375
 0.46990418 0.4766906  0.47699445 0.47717579 0.47744489 0.47920683
 0.48148153 0.48195664 0.48328943 0.48591146 0.48607385 0.4893103
 0.4919528  0.49303726 0.49365774 0.49488594 0.49665544 0.50190438
 0.50429646 0.50578656 0.51074752 0.51760887 0.52842782]
current_best = [69.03831446371728, 84.40613723111585, 66.40214283629703, 74.62378875198222, 66.10449261705881, 79.86862365502644, 67.93869410776053, 90.0535514944523, 81.0125944041505, 103.85212268318249, 92.09424277794481, 92.62175491321676, 87.15397851005199, 93.8654129342682, 88.39717995877066, 110.10221344802254, 80.95057269233752, 102.5137104552873, 85.93290141976236, 93.76739885118843]
current_best_val = 0.39397150708108
