de_sorted = [0.17628155 0.18440983 0.19372445 0.19895728 0.1996597  0.20476801
 0.20526491 0.20671901 0.20807779 0.21233441 0.21352395 0.21462457
 0.21618186 0.21649956 0.21754556 0.21880789 0.22012413 0.22097685
 0.22188735 0.2236564  0.22439424 0.22517374 0.22696934 0.22700257
 0.2316807  0.23971624 0.24265826 0.24502345 0.24557792]
steep_sorted = [0.404102   0.42092634 0.43969464 0.44478832 0.44511361 0.4488942
 0.4535767  0.45677172 0.45805129 0.45833192 0.46235556 0.46271927
 0.46329424 0.46677298 0.46868585 0.47495924 0.47864127 0.48505838
 0.48664289 0.48940087 0.49943632 0.50386827 0.50573991 0.51565657
 0.52804578 0.53115531 0.53770015 0.54206854 0.55599826]
bfgs_sorted = [0.20074131 0.20291193 0.21392388 0.22035275 0.22208164 0.22261401
 0.22271836 0.22454681 0.22790348 0.22951654 0.23006262 0.231708
 0.23185775 0.23330666 0.23334505 0.23384375 0.23593914 0.23705583
 0.23837755 0.23953444 0.24016996 0.24058546 0.24189681 0.24321772
 0.24327835 0.24460068 0.24794323 0.25493258 0.25919372]
chain_sorted = [0.20074131 0.20291193 0.21137731 0.21392388 0.21744772 0.22035275
 0.22208164 0.22261401 0.22271836 0.22454681 0.22790348 0.22885984
 0.22951654 0.23006262 0.231708   0.23185775 0.23330666 0.23334505
 0.23384375 0.23705583 0.23837755 0.24016996 0.24058546 0.24117893
 0.24189681 0.24321772 0.24327835 0.24460068 0.25493258]
ngchain_sorted = [0.20074131 0.20291193 0.21137731 0.21392388 0.21744772 0.22035275
 0.22208164 0.22261401 0.22271836 0.22454681 0.22790348 0.22885984
 0.22951654 0.23006262 0.231708   0.23185775 0.23330666 0.23334505
 0.23384375 0.23705583 0.23837755 0.24016996 0.24058546 0.24117893
 0.24189681 0.24321772 0.24327835 0.24460068 0.25493258]
current_best = [49.360420251152256, 87.46899901961443, 116.18309002322505, 150.83348794226566, 147.67602751167527, 83.4275835564292, 77.9297834111437, 67.5862374629734, 75.62920499644316, 67.12369852923412, 70.43622997095241, 96.84601937124756, 103.73125328337038, 137.34651128490455, 146.06827784501024, 88.92476644491184, 71.38024414090694, 87.77046833401643, 98.2083791856372, 71.7222459121594, 105.94523123276828, 79.56495019139169, 104.94085210906583, 123.05464518053304, 122.93953514623416, 79.50644533632666, 90.09406351071814, 92.46225189779639, 131.11034182967413, 90.16285359161363, 80.58975261179368, 88.45678862129758, 82.75402873166483, 99.47860951564466, 138.17195398858647, 127.7667782978422, 147.41439483583585, 99.77430683312926, 96.06776420083385, 103.08373117715745, 121.0893395220927, 98.5267486341754, 89.44875187974012, 97.46988026823654, 90.36730086573925, 74.62968943264201, 96.58527517861303, 95.00423818890435, 78.95892034135792, 76.60480741833436, 96.70711539027549, 93.23699339676998, 84.5975498231756, 85.77220091296644, 84.489595344681, 87.34044716242113, 72.48540282199251, 70.44316440060835, 83.51201617081375, 79.0473138587631, 82.56100929181629, 82.25799192351667, 172.86596990278113, 56.383078955069884, 74.1677091002445, 89.53067104126315, 66.10776602144794, 69.71673825851602, 71.76371276795805, 89.57920418374202]
current_best_val = 0.1549305166160475
