de_sorted = [0.03925849 0.03925849 0.03925849 0.03925849 0.03925849 0.03925849
 0.03925849 0.03925849 0.03925849 0.03925849 0.0392585  0.03925851
 0.03925851 0.03925853 0.0392586  0.03925861 0.03925877 0.03925885
 0.03925897 0.03925899 0.03925934 0.03926022 0.03926144 0.03926266
 0.03926306 0.03926313 0.03926825 0.03927456 0.03939035]
steep_sorted = [0.06414865 0.072225   0.07331033 0.0757682  0.07583276 0.07609071
 0.07674142 0.07713584 0.0772309  0.07872891 0.07875855 0.08013991
 0.08129756 0.08215307 0.08279593 0.08471009 0.08629738 0.08746927
 0.08753506 0.08826288 0.0914112  0.09213777 0.09298145 0.10120557
 0.1022794  0.11125534 0.11252134 0.12027494 0.12622155]
bfgs_sorted = [0.03925849 0.03925849 0.03925849 0.03966161 0.04103958 0.04179013
 0.04321614 0.04321614 0.04321614 0.04349857 0.04382334 0.04434373
 0.04490277 0.04551951 0.04695518 0.04726429 0.04749382 0.04756287
 0.04787299 0.04818509 0.04818509 0.04834532 0.05267519 0.05267519
 0.05267519 0.05378801 0.0605021  0.06234641 0.06792665]
chain_sorted = [0.03925849 0.03925849 0.03925849 0.03925849 0.03925849 0.03925849
 0.03925849 0.03925849 0.03925849 0.03925849 0.03925849 0.03925849
 0.03925849 0.03925849 0.03925849 0.03925849 0.03925849 0.03925849
 0.03925849 0.03925849 0.03925849 0.03925849 0.03925849 0.03925849
 0.03925849 0.03925849 0.03925849 0.03925849 0.03925849]
ngchain_sorted = [0.03925849 0.03925849 0.03925849 0.03925849 0.03925849 0.03925849
 0.03925849 0.03925849 0.03925849 0.03925849 0.03925849 0.03925849
 0.03925849 0.03925849 0.03925849 0.03925849 0.03925849 0.03925849
 0.03925849 0.03925849 0.03925849 0.03925849 0.03925849 0.03925849
 0.03925849 0.03925849 0.03925849 0.03925849 0.03925849]
current_best = [57.73502672733077, 70.71067845678408, 57.7350278916933, 70.71067764851576, 57.73502667504388, 70.71067916961776, 173.20508026789122, 70.71067813788295, 57.73502661771807, 70.71067828624959, 173.20507962711227, 70.71067870034291, 57.73502686697145, 70.71067897616392, 173.20507981938266, 70.710678361307, 57.73502655487211, 70.71067784562698, 173.20508367469122, 70.71067709880943]
current_best_val = 0.03925848972362067
