de_sorted = [0.41844946 0.42164791 0.42824426 0.43041169 0.43050283 0.43369258
 0.43395661 0.43480183 0.43614025 0.43614338 0.43777345 0.43805065
 0.43879253 0.43898326 0.44136802 0.44254685 0.44496636 0.44571924
 0.4461891  0.44646916 0.44844308 0.44934404 0.45097527 0.45206776
 0.45265631 0.45461933 0.45734431 0.46001616 0.46297561]
steep_sorted = [0.54176622 0.54953832 0.5528614  0.55425249 0.55541473 0.56105198
 0.56344146 0.57617841 0.5784266  0.58781019 0.59007078 0.59980264
 0.60291224 0.60395411 0.60736101 0.61254853 0.61357287 0.61504897
 0.62074867 0.62503699 0.62703593 0.63258888 0.63427689 0.63531663
 0.63582252 0.64067533 0.65718482 0.65845375 0.67278455]
bfgs_sorted = [0.42481736 0.42671564 0.4321158  0.43799306 0.44095907 0.44149313
 0.44237684 0.44475013 0.4458142  0.44629181 0.44651938 0.44674429
 0.45062156 0.45076985 0.45129915 0.45139795 0.4526202  0.45353034
 0.45376034 0.45612903 0.45742033 0.45884174 0.45894445 0.46112101
 0.46267087 0.46369855 0.46495135 0.46636413 0.47010582]
chain_sorted = [0.42481458 0.42672774 0.43210535 0.43615078 0.43799048 0.44092766
 0.44138424 0.44246466 0.44469347 0.44486487 0.44487665 0.44584219
 0.44670179 0.4471857  0.45055729 0.45078174 0.45135582 0.45244191
 0.45262415 0.45374815 0.45605415 0.45742202 0.45894247 0.45904646
 0.46096037 0.46107142 0.46218378 0.46261571 0.46493754]
ngchain_sorted = [0.42481458 0.42672774 0.43210535 0.43615078 0.43799048 0.44092766
 0.44138424 0.44246466 0.44469347 0.44486487 0.44487665 0.44584219
 0.44670179 0.4471857  0.45055729 0.45078174 0.45135582 0.45244191
 0.45262415 0.45374815 0.45605415 0.45742202 0.45894247 0.45904646
 0.46096037 0.46107142 0.46218378 0.46261571 0.46493754]
current_best = [176.74950581268325, 137.94042517118154, 179.51190452239277, 168.6314381940212, 179.97267908729475, 176.03687775963215, 178.37231498466798, 158.22781131369948, 178.56170575265764, 178.35202567009594, 179.6050078066592, 140.88088886871316, 167.40146649469534, 139.05049402287133, 140.59353992435467, 149.4916884201197, 134.8504433289893, 144.97345685355168, 131.36349408839203, 135.5470019332618, 165.65140028620993, 115.34558392648825, 153.28372815043662, 103.82996861131781, 138.71158220565405, 113.88543918733255, 152.77655788087048, 102.25377492001782, 71.96363176516014, 111.45799508795065, 136.85361039465758, 124.69272050874923, 121.68680402881883, 119.11493988761846, 82.30157124717898, 112.76299109783258, 109.24119688802996, 154.4946887747386, 80.51067389256018, 102.69866552516841, 83.40042051098531, 101.94598151485833, 79.32148133399156, 92.22295428496885, 119.24253776677918, 108.29140059612463, 83.45284263964939, 92.76553768540778, 63.70117104531301, 99.2710079288385]
current_best_val = 0.35563994473959126
