de_sorted = [0.43727229 0.44326471 0.44470305 0.44471399 0.44519912 0.44722182
 0.44962937 0.45109802 0.4514783  0.45176715 0.45511154 0.45735669
 0.45745734 0.46005653 0.46043659 0.46052255 0.46169516 0.46172322
 0.46293658 0.46365771 0.46768659 0.46843001 0.46892436 0.47654864
 0.47663991 0.47698189 0.47751522 0.47838073 0.48686487]
steep_sorted = [0.55051692 0.55215409 0.55666708 0.56341354 0.56542128 0.56611635
 0.56861395 0.56941426 0.56976855 0.5754988  0.5787979  0.58482725
 0.58834815 0.59194059 0.59411891 0.59704504 0.60435201 0.60496866
 0.60929072 0.61242805 0.6134965  0.61488859 0.64145344 0.64351924
 0.64661657 0.64877881 0.65146157 0.6733943  0.69003265]
bfgs_sorted = [0.44260311 0.44604709 0.44662345 0.44768176 0.44880659 0.44969766
 0.45044042 0.45272774 0.45581693 0.45903291 0.4590546  0.46005095
 0.46130696 0.46284077 0.4629842  0.46373231 0.46471961 0.46501667
 0.465147   0.46585428 0.46630864 0.4679576  0.46837258 0.46937843
 0.46956564 0.4722475  0.47335567 0.48109157 0.48912904]
chain_sorted = [0.44260311 0.44604709 0.44662345 0.44768176 0.44880659 0.44969766
 0.45044042 0.45272774 0.45581693 0.45903291 0.4590546  0.46005095
 0.46130696 0.46284077 0.4629842  0.46373231 0.46467841 0.46471961
 0.46501667 0.465147   0.46585428 0.4679576  0.46837258 0.46937843
 0.46956564 0.4722475  0.47335567 0.48109157 0.48912904]
ngchain_sorted = [0.44260311 0.44604709 0.44662345 0.44768176 0.44880659 0.44969766
 0.45044042 0.45272774 0.45581693 0.45903291 0.4590546  0.46005095
 0.46130696 0.46284077 0.4629842  0.46373231 0.46467841 0.46471961
 0.46501667 0.465147   0.46585428 0.4679576  0.46837258 0.46937843
 0.46956564 0.4722475  0.47335567 0.48109157 0.48912904]
current_best = [167.52619644538296, 173.72291102567803, 169.06363511148007, 169.22798192277227, 165.22839887078473, 176.8324587880591, 177.28833900586034, 179.74396918908687, 167.36821186661592, 168.93036053932454, 163.9177957547245, 144.110828573237, 161.27630580227054, 130.68807960741373, 128.21587784562792, 133.60002256824328, 134.45920935074182, 151.56919457042906, 147.46781666532547, 155.36275835598977, 141.60219883435926, 118.92488869756887, 139.08653787033083, 106.9950079617222, 125.28650472368052, 135.8910784650152, 150.01054306737512, 97.71977130144919, 84.0270425406991, 109.48299638983967, 125.90494194389204, 137.1474206976844, 106.29335919024787, 100.11065704042613, 85.08852728721278, 121.46672355073376, 102.50100673718296, 118.96891384162485, 75.2271547094374, 112.95698327088391, 94.61203180766827, 65.31429004837307, 105.7806322699733, 106.84694374967786, 84.00280859257678, 83.42171793693207, 69.56641387554342, 75.19732978583696, 73.67291533664952, 87.3962696683901]
current_best_val = 0.3642267596720526
