de_sorted = [9.14530342e-05 9.16913923e-05 9.23222111e-05 9.41496605e-05
 9.78726028e-05 1.00877952e-04 1.00880812e-04 1.00950077e-04
 1.01009799e-04 1.01186702e-04 1.01329089e-04 1.01551793e-04
 1.01933408e-04 1.04505468e-04 1.11273663e-04 1.11273832e-04
 1.11276161e-04 1.11480228e-04 1.11577644e-04 1.19434244e-04
 1.22753758e-04 1.22961466e-04 1.23683052e-04 1.30483866e-04
 1.35389926e-04 1.36064724e-04 1.36294418e-04 1.36294420e-04
 1.49343809e-04]
steep_sorted = [0.00881548 0.01126539 0.01493545 0.01533648 0.01633605 0.01668094
 0.01676109 0.01681116 0.01752753 0.01795748 0.01896799 0.01924995
 0.0194031  0.01941196 0.01963457 0.01986185 0.01993994 0.02033618
 0.02087568 0.02223041 0.02253115 0.02394434 0.02466522 0.02503652
 0.02518207 0.03070146 0.03118703 0.03233441 0.0333613 ]
bfgs_sorted = [0.00011202 0.00012274 0.00012356 0.00012439 0.00013539 0.00013629
 0.00013721 0.00013721 0.00013812 0.00014018 0.00015034 0.00015236
 0.00016806 0.00017242 0.00018414 0.00018537 0.00018537 0.00018731
 0.00019875 0.00020495 0.0002126  0.00021979 0.0002274  0.00022892
 0.00023199 0.00027032 0.00027626 0.00035163 0.00039752]
chain_sorted = [9.14532158e-05 9.14533215e-05 9.14533719e-05 9.14534847e-05
 9.14536077e-05 9.14538578e-05 9.14539679e-05 9.14549706e-05
 1.00877923e-04 1.00878017e-04 1.00878034e-04 1.00878117e-04
 1.00878238e-04 1.00878243e-04 1.00878248e-04 1.00878518e-04
 1.01552195e-04 1.11274156e-04 1.11274399e-04 1.12017467e-04
 1.22741070e-04 1.22741095e-04 1.22741114e-04 1.22741452e-04
 1.24387066e-04 1.35389970e-04 1.35390204e-04 1.36294659e-04
 1.36294676e-04]
ngchain_sorted = [9.14532158e-05 9.14533215e-05 9.14533719e-05 9.14534847e-05
 9.14536077e-05 9.14538578e-05 9.14539679e-05 9.14549706e-05
 1.00877923e-04 1.00878017e-04 1.00878034e-04 1.00878117e-04
 1.00878238e-04 1.00878243e-04 1.00878248e-04 1.00878518e-04
 1.01552195e-04 1.11274156e-04 1.11274399e-04 1.12017467e-04
 1.22741070e-04 1.22741095e-04 1.22741114e-04 1.22741452e-04
 1.24387066e-04 1.35389970e-04 1.35390204e-04 1.36294659e-04
 1.36294676e-04]
current_best = [57.738582258531984, 70.71379796008205, 173.2011001748231, 70.71271349260576, 57.73043946964352, 70.71632875072643, 57.73335537921489, 70.71561528962572, 173.19964786341836, 70.71441058147951, 173.20611307507934, 70.7053722357079, 57.73070762913433, 70.73052304857784, 173.18290878109843, 70.73039470613229, 173.20909822075518, 70.70926647787527, 173.1977358645256, 70.72234577699169, 57.72875777616614, 70.71114334747591, 57.73815591353423, 70.7066880168084, 57.73773548433209, 70.7104783718334, 173.20249750168082, 70.71108537262697, 173.2030397484798, 70.71832155699738, 173.19403199779265, 70.72139953529812, 57.73133252257309, 70.70809777362896, 173.2096444681498, 70.7099024013318, 57.735375041113315, 70.70445845837678, 57.737957147707235, 70.70755932783936, 57.737565886384225, 70.70445748901396, 173.20901724470377, 70.7086829054447, 57.73769813729021, 70.7099379758822, 173.20626245765004, 70.70905800071728, 173.2100945628345, 70.71146579509237]
current_best_val = 9.145303415003525e-05
