de_sorted = [0.53187264 0.53763077 0.5384254  0.53921173 0.54449523 0.55022673
 0.55114135 0.55380262 0.55527071 0.55533354 0.55758479 0.5582862
 0.55860492 0.55892859 0.55994591 0.56061058 0.56255275 0.5629174
 0.56568347 0.5657208  0.56708809 0.56906011 0.57132678 0.57323568
 0.5745365  0.57508498 0.57577094 0.58055747 0.58292628]
steep_sorted = [0.62878279 0.63284129 0.6467929  0.66217987 0.66489093 0.6775447
 0.68081474 0.68098909 0.68890172 0.7003318  0.70583177 0.71306965
 0.71330392 0.71483449 0.71999074 0.72379144 0.74159284 0.74325884
 0.74337547 0.74525177 0.74579072 0.7534557  0.76735527 0.77797464
 0.78249002 0.78285936 0.78768101 0.79416148 0.83149168]
bfgs_sorted = [0.53075794 0.53447475 0.53512327 0.53656338 0.53725753 0.5377791
 0.53920659 0.53957319 0.53959445 0.54088814 0.54215617 0.5433258
 0.54357187 0.54398077 0.54458534 0.54461903 0.54627588 0.54759138
 0.54820795 0.54922016 0.54928141 0.54955162 0.55224006 0.55303764
 0.55400326 0.5562815  0.55683612 0.56112587 0.56402774]
chain_sorted = [0.53077565 0.53450165 0.53502951 0.53666219 0.53717024 0.53766102
 0.53937225 0.53956845 0.53958255 0.54089081 0.542036   0.54323056
 0.54356298 0.54398862 0.54462488 0.54463754 0.54626681 0.54757517
 0.54818161 0.5490853  0.54923387 0.54923731 0.54933967 0.55212725
 0.55303767 0.55398288 0.55634682 0.55637782 0.56117434]
ngchain_sorted = [0.53077565 0.53450165 0.53502951 0.53666219 0.53717024 0.53766102
 0.53937225 0.53956845 0.53958255 0.54089081 0.542036   0.54323056
 0.54356298 0.54398862 0.54462488 0.54463754 0.54626681 0.54757517
 0.54818161 0.5490853  0.54923387 0.54923731 0.54933967 0.55212725
 0.55303767 0.55398288 0.55634682 0.55637782 0.56117434]
current_best = [78.8326537115358, 115.04894439876665, 135.04862927160323, 114.31430665546495, 86.12716555275709, 138.4721156119929, 120.2103148875807, 128.08630324983025, 86.74590461491923, 108.22341957232742, 145.3588607348148, 92.42162036216503, 71.46111608115413, 93.29183515001428, 70.74044034998423, 100.9868648942792, 101.47156464461038, 96.6750662160444, 81.54092421813424, 92.17969024850377]
current_best_val = 0.5034727005553196
