de_sorted = [0.25864445 0.26382746 0.26751449 0.26888557 0.26931927 0.2710501
 0.27213682 0.27259817 0.27377777 0.27580962 0.2765706  0.27797948
 0.27806473 0.28103648 0.28289602 0.28336939 0.28415607 0.28436488
 0.28762548 0.28882666 0.28978226 0.2898757  0.29080446 0.29263275
 0.29402624 0.29530399 0.29980741 0.30116034 0.30462079]
steep_sorted = [0.43216927 0.44410965 0.44709427 0.4473448  0.44930717 0.45000976
 0.45165988 0.45473196 0.45612813 0.46078001 0.46391473 0.47096517
 0.48320664 0.48649124 0.4891995  0.49377103 0.49521079 0.49545794
 0.49553499 0.50472557 0.51093118 0.51215673 0.51564773 0.52646106
 0.529906   0.53673699 0.5384977  0.54674834 0.5587502 ]
bfgs_sorted = [0.25877935 0.27574499 0.27868246 0.27902537 0.28187873 0.28238091
 0.28493098 0.28520768 0.28694875 0.28721041 0.28769522 0.28848503
 0.28984371 0.29189068 0.29385264 0.29398332 0.29418277 0.29594411
 0.29749599 0.29796884 0.29799712 0.29849341 0.2996163  0.30061685
 0.30063289 0.30066324 0.301245   0.30155221 0.30165016]
chain_sorted = [0.25878163 0.27576113 0.27868578 0.27904933 0.2818785  0.28232396
 0.28494246 0.28520798 0.28602355 0.28693597 0.28709117 0.28721079
 0.28768023 0.2884519  0.28982332 0.29001858 0.2938531  0.29398293
 0.29417137 0.29509723 0.29594338 0.29646456 0.29753911 0.29800298
 0.30061092 0.30063599 0.30065987 0.30153098 0.30162771]
ngchain_sorted = [0.25878163 0.27576113 0.27868578 0.27904933 0.2818785  0.28232396
 0.28494246 0.28520798 0.28602355 0.28693597 0.28709117 0.28721079
 0.28768023 0.2884519  0.28982332 0.29001858 0.2938531  0.29398293
 0.29417137 0.29509723 0.29594338 0.29646456 0.29753911 0.29800298
 0.30061092 0.30063599 0.30065987 0.30153098 0.30162771]
current_best = [161.27589158797974, 93.08853045273686, 84.39777406171625, 154.54650097518632, 127.18529817511083, 134.70088295835095, 120.50296368480495, 117.80276887561533, 106.70166160096822, 113.35912357855352, 112.69743098926735, 105.26435556353512, 139.86334952880384, 115.3300704831981, 116.83823719551903, 151.5883656539297, 110.39532622487533, 109.7640086118315, 95.21175560283152, 116.93394066608283, 109.73449345487313, 116.17697016149992, 82.81655286782093, 129.47058086471185, 91.83817843488731, 114.16825183504776, 119.18634949114525, 90.33307072051768, 89.3631017924946, 103.14474050408826, 127.06348897996307, 111.42528990261364, 112.0436588480146, 117.73957923468156, 77.05762896630242, 91.68159278852542, 115.47117554562526, 96.20219752092264, 99.98598273468046, 96.70260480013616, 80.27470428624667, 82.64827087886822, 81.28640627961319, 96.33636631580772, 98.08374023342205, 76.62594219236715, 91.58843854279769, 80.94322683981736, 91.89525464160609, 86.07412360889255, 75.72962581969225, 91.7691887795516, 68.60650971903729, 89.18119275581965, 60.36210856684754, 73.90773493949278, 67.34389402586856, 75.65529095494247, 73.13672274852513, 85.1398200717427]
current_best_val = 0.22003680452069432
