de_sorted = [0.17733243 0.18240467 0.1890105  0.18974906 0.1951729  0.1952816
 0.20048967 0.20062329 0.20209213 0.20325044 0.20359453 0.20364459
 0.20405774 0.20413978 0.20421245 0.20451277 0.20833847 0.21199699
 0.21215476 0.21228566 0.21263751 0.21353004 0.21642333 0.21872508
 0.22163667 0.22183607 0.22436561 0.22550548 0.23821272]
steep_sorted = [0.40577482 0.43590989 0.45076512 0.45205798 0.4551704  0.46300085
 0.46835375 0.48213722 0.4851559  0.48551848 0.49233206 0.4923974
 0.49990445 0.51048169 0.51086411 0.52521919 0.53710657 0.53743078
 0.55003484 0.55186317 0.57362601 0.57825213 0.58468319 0.58627208
 0.59088876 0.59196344 0.59581988 0.62012984 0.63840099]
bfgs_sorted = [0.21455324 0.21613882 0.21907824 0.22091838 0.22150175 0.2223357
 0.22475744 0.22700601 0.22749563 0.23046781 0.23046839 0.23439653
 0.2364052  0.23789738 0.23846306 0.23859069 0.24145698 0.24211326
 0.24334498 0.24390712 0.24438476 0.24449631 0.24458289 0.24736342
 0.24952678 0.25175987 0.25365581 0.25470217 0.25834436]
chain_sorted = [0.20135251 0.20621941 0.2068605  0.20824873 0.21264874 0.21453583
 0.21506647 0.21535711 0.21561063 0.21618766 0.21805749 0.2190373
 0.22091972 0.22231436 0.22236068 0.22469264 0.22560623 0.22731946
 0.23045288 0.23184004 0.23272213 0.2343793  0.23763429 0.23821641
 0.23998758 0.24167244 0.24388874 0.24807733 0.25176151]
ngchain_sorted = [0.20135251 0.20621941 0.2068605  0.20824873 0.21264874 0.21453583
 0.21506647 0.21535711 0.21561063 0.21618766 0.21805749 0.2190373
 0.22091972 0.22231436 0.22236068 0.22469264 0.22560623 0.22731946
 0.23045288 0.23184004 0.23272213 0.2343793  0.23763429 0.23821641
 0.23998758 0.24167244 0.24388874 0.24807733 0.25176151]
current_best = [74.59293157298536, 66.04883169542552, 81.40167281151653, 113.08905770820697, 127.79594753499559, 56.6653275241758, 90.26882749872784, 78.78115630477619, 70.07375409222178, 68.7452054952762, 68.52447760033324, 66.61848050466327, 78.01717385715466, 107.49840375893463, 112.66053009543748, 107.7175249658632, 62.527668722841554, 95.88379555149088, 64.9307748216719, 84.50093006168164, 137.69714630520903, 112.05560297085063, 123.44860804780099, 115.92033331277483, 136.78968583751205, 87.52906733890119, 60.413199558638375, 84.18655291079956, 98.83204120813869, 103.10161780096894, 96.47249033807985, 73.39374961093726, 89.18783630784851, 96.6036986338145, 106.47083547909176, 111.7358530249827, 90.21806655405919, 84.85513160696911, 111.05744111719378, 97.31306490897086, 83.19115480796424, 87.76062724610378, 86.13106209420471, 96.11248439178789, 66.92183123414102, 84.91389467945096, 67.41566130407499, 79.00420375722894, 74.02991809245667, 70.46372408689203, 64.91803358896912, 76.0621183809699, 68.24682394101765, 83.36668453991584, 95.63205494199404, 78.2219918671767, 83.62463640214555, 71.45667006297047, 88.73135749346059, 56.639369779716176]
current_best_val = 0.13360664815170653
