de_sorted = [0.43916127 0.45487227 0.45570482 0.45801167 0.45824211 0.46018802
 0.46176427 0.46214093 0.46288491 0.4628904  0.46884038 0.46945306
 0.46998312 0.47233627 0.47389123 0.47754662 0.47798684 0.47943348
 0.47978617 0.48514527 0.48765151 0.48951775 0.49047656 0.49051527
 0.49158047 0.49250537 0.49748754 0.49834007 0.50907318]
steep_sorted = [0.57762203 0.59471321 0.62850614 0.65140464 0.67286282 0.68776118
 0.70665082 0.7154109  0.72859632 0.72891318 0.73295405 0.73447969
 0.73773407 0.74373067 0.76204791 0.76317289 0.76426373 0.77502832
 0.7769384  0.78514839 0.79208171 0.79409455 0.79797968 0.79821867
 0.8002896  0.80606348 0.82788735 0.85255912 0.88826633]
bfgs_sorted = [0.44404985 0.44833978 0.44999141 0.45564158 0.4562099  0.45894142
 0.46054587 0.46217301 0.46312173 0.46503773 0.4675482  0.46777789
 0.47010574 0.47328319 0.47362587 0.47498655 0.47509015 0.47713037
 0.48009314 0.48054035 0.48108295 0.48210707 0.48228509 0.48398116
 0.48568957 0.48757408 0.48880686 0.49629366 0.50786064]
chain_sorted = [0.44404985 0.44833978 0.45000665 0.45564158 0.4562099  0.45894142
 0.45911913 0.46217301 0.46312173 0.46503773 0.46762065 0.46777789
 0.47032473 0.47328319 0.47362587 0.47498655 0.47522433 0.47728783
 0.48016182 0.48053537 0.48121218 0.48210707 0.48238824 0.48398116
 0.48440074 0.48587576 0.48757408 0.49641213 0.50799646]
ngchain_sorted = [0.44404985 0.44833978 0.45000665 0.45564158 0.4562099  0.45894142
 0.45911913 0.46217301 0.46312173 0.46503773 0.46762065 0.46777789
 0.47032473 0.47328319 0.47362587 0.47498655 0.47522433 0.47728783
 0.48016182 0.48053537 0.48121218 0.48210707 0.48238824 0.48398116
 0.48440074 0.48587576 0.48757408 0.49641213 0.50799646]
current_best = [77.04301351146363, 63.88730603421826, 78.89297055171073, 70.20950805938165, 64.76838939908036, 82.34905112024617, 68.99696728877058, 101.92027824705166, 80.3566894832697, 111.83064460708928, 80.88531893869049, 85.73319901604599, 104.67006075010973, 88.86122693789552, 97.81873251517081, 89.74885639866687, 96.27651701341037, 72.67721223911862, 116.31124877648767, 80.31456164916506]
current_best_val = 0.412675799790149
