de_sorted = [0.54769608 0.55068703 0.5516965  0.55445209 0.55544826 0.55671143
 0.55917695 0.5593266  0.56173727 0.56217508 0.56417543 0.56497897
 0.56584049 0.56590994 0.56662099 0.56970095 0.57086431 0.57121603
 0.57155381 0.57200462 0.57261366 0.5727696  0.57291574 0.57383082
 0.57443584 0.57754873 0.57887935 0.58536733 0.59317263]
steep_sorted = [0.62750292 0.65433162 0.65445917 0.65814153 0.65886944 0.66067035
 0.66254229 0.66700357 0.66981851 0.67925118 0.68436292 0.6872024
 0.68800421 0.69533918 0.7025307  0.71081052 0.71117988 0.71346931
 0.71353652 0.72296085 0.72414368 0.73729901 0.73857156 0.74632331
 0.74969337 0.75342621 0.7538564  0.77563465 0.78854874]
bfgs_sorted = [0.54269693 0.54391086 0.54586534 0.5473313  0.54837363 0.54972659
 0.55338714 0.55465045 0.55559541 0.5600122  0.56018201 0.56039564
 0.56095056 0.56129478 0.5623379  0.56337795 0.56395279 0.56444745
 0.56871663 0.56927965 0.57049325 0.57068462 0.57303327 0.57324326
 0.57607698 0.57714588 0.5772099  0.57781998 0.58664696]
chain_sorted = [0.54266621 0.54391008 0.54574758 0.54731865 0.54834228 0.54974348
 0.55324609 0.55352411 0.55465257 0.55566104 0.5600989  0.56012692
 0.56094939 0.5612507  0.56232113 0.56333133 0.56396873 0.56443809
 0.56888099 0.56928102 0.57050421 0.57067707 0.573057   0.57323306
 0.57607909 0.57715714 0.57721378 0.57786473 0.5866422 ]
ngchain_sorted = [0.54266621 0.54391008 0.54574758 0.54731865 0.54834228 0.54974348
 0.55324609 0.55352411 0.55465257 0.55566104 0.5600989  0.56012692
 0.56094939 0.5612507  0.56232113 0.56333133 0.56396873 0.56443809
 0.56888099 0.56928102 0.57050421 0.57067707 0.573057   0.57323306
 0.57607909 0.57715714 0.57721378 0.57786473 0.5866422 ]
current_best = [175.13416472955538, 137.57457770538838, 170.80585569451821, 179.8625745083705, 179.5365871294397, 176.67963553944023, 179.5084426430738, 154.13863314274735, 173.89935246535708, 137.653289092826, 163.61198292197957, 113.47515183243323, 153.58108523937187, 106.56633562965612, 140.19899073135065, 144.55928469059933, 123.72380991757093, 126.58805321814873, 130.39388959197726, 112.21017660607909, 95.15088430450751, 120.99399066630703, 91.48487823154277, 114.95942040476358, 105.67508351587531, 108.48562227855527, 76.84885957960083, 85.48015108129252, 74.60592655713673, 98.18187512230075]
current_best_val = 0.5056671020171121
