de_sorted = [0.34308109 0.34552156 0.34654088 0.3489818  0.35082213 0.35228822
 0.35369829 0.35399583 0.35500853 0.35583678 0.35779339 0.35849821
 0.35896063 0.35988368 0.36013805 0.36149249 0.36570554 0.365966
 0.36632094 0.3668004  0.36817977 0.36947842 0.37434904 0.3744731
 0.37543985 0.37589939 0.37905412 0.38784225 0.40413768]
steep_sorted = [0.56317389 0.56414473 0.57818327 0.58663722 0.60859826 0.62893527
 0.632104   0.6354789  0.64125669 0.64625001 0.64849686 0.65615532
 0.6578529  0.66276094 0.66462302 0.66631276 0.67783271 0.67983492
 0.68024944 0.69271389 0.69917811 0.7028922  0.73789241 0.73878154
 0.74850198 0.7500028  0.78443025 0.78686605 0.81646206]
bfgs_sorted = [0.34742767 0.34814368 0.35099107 0.35287337 0.35615827 0.3562712
 0.35829393 0.35989616 0.36027988 0.36076581 0.36111228 0.36184808
 0.36273322 0.36491548 0.36567276 0.36698251 0.36854682 0.36883107
 0.3701349  0.37049378 0.37079215 0.37080236 0.37427611 0.37605554
 0.37704674 0.3828807  0.38549557 0.38627369 0.3936112 ]
chain_sorted = [0.34739469 0.34810737 0.35079929 0.35278087 0.35615822 0.35627325
 0.35824832 0.35991607 0.36027022 0.36069622 0.36107792 0.3611005
 0.36112666 0.36279052 0.36569806 0.36578043 0.36605868 0.36695459
 0.36866522 0.36879764 0.37034085 0.37059494 0.37079045 0.37427671
 0.37549213 0.37599271 0.37707212 0.38162661 0.38563503]
ngchain_sorted = [0.34739469 0.34810737 0.35079929 0.35278087 0.35615822 0.35627325
 0.35824832 0.35991607 0.36027022 0.36069622 0.36107792 0.3611005
 0.36112666 0.36279052 0.36569806 0.36578043 0.36605868 0.36695459
 0.36866522 0.36879764 0.37034085 0.37059494 0.37079045 0.37427671
 0.37549213 0.37599271 0.37707212 0.38162661 0.38563503]
current_best = [68.17410562054201, 80.43064781503229, 66.55371821745052, 82.74147724060732, 63.28024638115498, 82.06350266485835, 111.6923083946366, 123.68613600120237, 68.18433785546439, 83.73751396615876, 84.80530338382724, 104.642172716243, 89.99888767243415, 94.69456229848436, 78.44705945112041, 109.44125849617457, 113.80588301357085, 110.58151832321343, 92.57997903553382, 99.8929648997115, 61.637365834212396, 103.59592490901449, 78.6502620678284, 69.536213068418, 67.03880038835104, 53.12597595416452, 71.06865925324581, 92.34661037055388, 66.61667028397335, 111.2013624217737]
current_best_val = 0.3150520576266142
