de_sorted = [0.73625707 0.73656903 0.73681921 0.73687594 0.73725915 0.73730649
 0.73744172 0.73779592 0.73879674 0.73885897 0.73893782 0.73910145
 0.73921246 0.73963278 0.74009758 0.74020093 0.74024401 0.74041619
 0.74084329 0.74121825 0.74158703 0.74210231 0.74224601 0.74251765
 0.74269969 0.74360369 0.74480534 0.74523896 0.74559635]
steep_sorted = [0.7732529  0.7871404  0.80666384 0.81130979 0.81154196 0.81658433
 0.81824649 0.82427194 0.82615548 0.82917    0.83361649 0.83450019
 0.83646202 0.83687151 0.83994452 0.84045405 0.84349253 0.84825171
 0.85455553 0.85857661 0.86030787 0.86450599 0.86645716 0.86853627
 0.87040196 0.87829813 0.89861252 0.90840248 0.90935267]
bfgs_sorted = [0.73203528 0.7338647  0.73419516 0.73498332 0.73519518 0.73528283
 0.73544306 0.73549445 0.73664914 0.73684831 0.73779118 0.73788312
 0.73794036 0.73814098 0.73838248 0.73854572 0.7391246  0.73922787
 0.73990163 0.73992983 0.74014377 0.74028386 0.74150683 0.74198571
 0.74210651 0.74256979 0.7429969  0.74359438 0.75024379]
chain_sorted = [0.73203427 0.73387205 0.7342092  0.7349838  0.73519721 0.73528314
 0.73542547 0.73549728 0.73643271 0.73664499 0.73683241 0.73779024
 0.73788256 0.73794123 0.73814074 0.73837231 0.73854395 0.73911808
 0.73924381 0.73990038 0.74014369 0.74028697 0.74031712 0.74078868
 0.74150318 0.74198574 0.74210543 0.74257032 0.74359272]
ngchain_sorted = [0.73203427 0.73387205 0.7342092  0.7349838  0.73519721 0.73528314
 0.73542547 0.73549728 0.73643271 0.73664499 0.73683241 0.73779024
 0.73788256 0.73794123 0.73814074 0.73837231 0.73854395 0.73911808
 0.73924381 0.73990038 0.74014369 0.74028697 0.74031712 0.74078868
 0.74150318 0.74198574 0.74210543 0.74257032 0.74359272]
current_best = [109.24766747223295, 177.90823048479012, 172.4491137985116, 176.57349946157902, 176.33556031801777, 163.87770265199208, 174.92492430808494, 169.86659552407698, 131.64192053592478, 137.88106666636725]
current_best_val = 0.7320333005037937
