de_sorted = [0.6657973  0.6681417  0.66818486 0.6696504  0.669805   0.67044851
 0.67100933 0.67134848 0.67136369 0.67210607 0.67245719 0.67271232
 0.67289274 0.67317684 0.67358639 0.67374557 0.67376135 0.67442089
 0.67455245 0.67507703 0.67592235 0.67625431 0.67740804 0.67758987
 0.67783225 0.67832578 0.67843008 0.67886031 0.68119063]
steep_sorted = [0.72615741 0.73880797 0.74362247 0.75186934 0.75248071 0.7566211
 0.76757362 0.77632877 0.78522736 0.78734039 0.78818421 0.78943131
 0.79941514 0.80701855 0.80870494 0.81224405 0.81529951 0.83212251
 0.83365241 0.83371795 0.83719821 0.8426637  0.84607719 0.85041514
 0.85313104 0.86364068 0.86436308 0.88024819 0.88902228]
bfgs_sorted = [0.66253566 0.6638535  0.66394191 0.66398414 0.66541521 0.66560725
 0.66622397 0.66655093 0.66695797 0.66786605 0.66810098 0.66846206
 0.66897232 0.66927578 0.66937046 0.67003275 0.67005248 0.67027818
 0.67039918 0.67128598 0.67220645 0.67226009 0.67267096 0.67304776
 0.67470468 0.67530415 0.6761647  0.67778194 0.68694738]
chain_sorted = [0.66250316 0.66384056 0.663878   0.66399082 0.66538007 0.66561614
 0.66627468 0.66655574 0.66696027 0.66788446 0.66810996 0.66846812
 0.66897232 0.66927856 0.66936691 0.67004267 0.67006724 0.67029321
 0.67043534 0.67132529 0.67219724 0.67224525 0.67268212 0.67294399
 0.67307792 0.6747489  0.67519281 0.67778595 0.6815105 ]
ngchain_sorted = [0.66250316 0.66384056 0.663878   0.66399082 0.66538007 0.66561614
 0.66627468 0.66655574 0.66696027 0.66788446 0.66810996 0.66846812
 0.66897232 0.66927856 0.66936691 0.67004267 0.67006724 0.67029321
 0.67043534 0.67132529 0.67219724 0.67224525 0.67268212 0.67294399
 0.67307792 0.6747489  0.67519281 0.67778595 0.6815105 ]
current_best = [77.28865912862183, 92.33059978668653, 179.13119184064587, 101.2551947874241, 106.85484726491171, 118.13916325938447, 94.00719578837003, 123.35941142180486, 90.33089446602563, 104.12696201862735]
current_best_val = 0.6583656900815034
