de_sorted = [0.42784014 0.43277733 0.43641592 0.43709035 0.43765114 0.4408713
 0.4425168  0.44715974 0.44748933 0.449568   0.45105916 0.45174803
 0.45181417 0.45266542 0.45299525 0.45433255 0.45549536 0.4559461
 0.45756147 0.45856199 0.46094034 0.46154256 0.46182708 0.46300452
 0.46333674 0.46401911 0.46749922 0.46801568 0.47423337]
steep_sorted = [0.55636619 0.5811905  0.58481522 0.60612892 0.61577266 0.61718778
 0.61906199 0.634162   0.63996828 0.64047844 0.64343932 0.65198423
 0.65276066 0.66027487 0.66710193 0.66874478 0.67345168 0.67712243
 0.68018111 0.68600107 0.69356765 0.69406762 0.70721745 0.70891878
 0.71607327 0.72328834 0.73413666 0.74110264 0.74332555]
bfgs_sorted = [0.4390086  0.44182502 0.44223044 0.44242188 0.44422259 0.44427513
 0.44462237 0.44462247 0.44530893 0.44536011 0.44897022 0.450046
 0.45055509 0.4517761  0.45370053 0.45502162 0.45551162 0.45574929
 0.4577663  0.45857082 0.45950902 0.45966776 0.46006098 0.46049595
 0.46238319 0.46296138 0.4652684  0.4685328  0.47114798]
chain_sorted = [0.43810533 0.43901456 0.44181305 0.4421997  0.44235349 0.44423097
 0.44433898 0.4445868  0.44462432 0.44532055 0.44534084 0.44903794
 0.45000752 0.45065055 0.45177604 0.45378342 0.45436675 0.45452846
 0.4555104  0.45585065 0.45771108 0.45779414 0.45858171 0.45948771
 0.45999837 0.46048421 0.4609184  0.46235354 0.4652768 ]
ngchain_sorted = [0.43810533 0.43901456 0.44181305 0.4421997  0.44235349 0.44423097
 0.44433898 0.4445868  0.44462432 0.44532055 0.44534084 0.44903794
 0.45000752 0.45065055 0.45177604 0.45378342 0.45436675 0.45452846
 0.4555104  0.45585065 0.45771108 0.45779414 0.45858171 0.45948771
 0.45999837 0.46048421 0.4609184  0.46235354 0.4652768 ]
current_best = [100.96252685176484, 120.53607035511573, 107.73430370523087, 129.21283358679878, 104.20919153600973, 111.9726692898748, 128.28598630917534, 105.56438215832173, 137.17013662268977, 97.73645282728685, 109.92344844441723, 110.67013856390433, 88.15302232494307, 98.3397646790567, 81.64220313167742, 116.30193561956074, 81.97207820469177, 96.54073494230947, 89.2788169982238, 101.62268908586117, 94.29967436658981, 94.45168269827023, 67.82086990416089, 81.68085846215055, 63.705446248769725, 81.78379330644385, 66.37567855128998, 79.07391788118628, 67.86845988289942, 87.54026523085753]
current_best_val = 0.3888676114577004
