de_sorted = [0.36799746 0.37260777 0.38073368 0.38409938 0.39043721 0.39053046
 0.39100836 0.39549647 0.39581383 0.3963483  0.39637001 0.39910785
 0.39918316 0.39984892 0.40028095 0.40055607 0.40171318 0.40234108
 0.40333402 0.40367228 0.40512484 0.4059406  0.40632623 0.40714866
 0.41020547 0.41452478 0.41516927 0.42122085 0.43523333]
steep_sorted = [0.48876373 0.51240557 0.51253145 0.52754917 0.54110187 0.54597171
 0.55312723 0.55321496 0.56189037 0.56298505 0.56339126 0.5639032
 0.57729975 0.57794798 0.58014235 0.58089298 0.58129637 0.58205985
 0.58467844 0.600837   0.60253359 0.60422213 0.6049548  0.60642458
 0.62691067 0.63469973 0.64507991 0.65548831 0.68366663]
bfgs_sorted = [0.37311058 0.37677179 0.38224843 0.38323241 0.38389502 0.38474892
 0.38654223 0.38777485 0.39019113 0.39117223 0.39224156 0.39254562
 0.39261703 0.39401478 0.39506631 0.39527765 0.39750969 0.3978548
 0.39876181 0.39899367 0.39903867 0.39961823 0.39974561 0.40031462
 0.40153501 0.40411675 0.40435541 0.40495175 0.41244839]
chain_sorted = [0.37311058 0.3740001  0.37677179 0.38224843 0.38323241 0.38389502
 0.38474892 0.38637324 0.38654223 0.39117223 0.39224156 0.39254562
 0.39261703 0.39401478 0.39506631 0.39527765 0.39750969 0.3978548
 0.39876181 0.39899367 0.39903867 0.39961823 0.39974561 0.40031462
 0.40153501 0.4030998  0.40411675 0.40495175 0.41134476]
ngchain_sorted = [0.37311058 0.3740001  0.37677179 0.38224843 0.38323241 0.38389502
 0.38474892 0.38637324 0.38654223 0.39117223 0.39224156 0.39254562
 0.39261703 0.39401478 0.39506631 0.39527765 0.39750969 0.3978548
 0.39876181 0.39899367 0.39903867 0.39961823 0.39974561 0.40031462
 0.40153501 0.4030998  0.40411675 0.40495175 0.41134476]
current_best = [142.59592703344887, 112.27324381728322, 114.70316005524842, 136.14842489100317, 107.90323015762908, 131.57223132407515, 93.51000580675378, 114.96960308037245, 137.47373209334296, 80.57255236855751, 99.45603111097827, 151.97472946075808, 143.96786698780167, 125.06676244841724, 55.05907672544166, 89.5375351943911, 147.18384229383807, 114.10540177258791, 80.44922734065312, 84.93420924043168, 89.29302331406595, 94.64311568874116, 110.67879808496734, 116.83076782909278, 103.75733827953911, 95.29840165601577, 94.95099420300583, 68.81846100271092, 99.09442737094295, 97.64365534459168, 82.36632020538424, 104.94389177314325, 89.29346770182862, 94.39124524119995, 73.52928599008725, 69.63299584840466, 65.91356535586141, 83.36405182857945, 74.67873728749329, 85.37876626239166]
current_best_val = 0.33780203645738555
