de_sorted = [0.4137142  0.42325031 0.43327406 0.43371027 0.43375266 0.43388796
 0.43404942 0.43425845 0.43679986 0.43723473 0.4374742  0.43797971
 0.43858885 0.43896671 0.43970524 0.44025778 0.44028564 0.44029553
 0.4414259  0.4433212  0.44639535 0.44707394 0.44759056 0.4481069
 0.44835773 0.44906806 0.45028775 0.45151325 0.45420704]
steep_sorted = [0.54424219 0.55980372 0.57771759 0.58388664 0.58531232 0.59480495
 0.59547262 0.60487465 0.6056111  0.60721999 0.61260719 0.61675581
 0.62764617 0.6364177  0.63739309 0.64125437 0.64238565 0.65604454
 0.66032278 0.66849642 0.67431649 0.68237363 0.68306551 0.69629818
 0.70296362 0.72034186 0.72287791 0.72575378 0.73663583]
bfgs_sorted = [0.42808663 0.42894067 0.42905894 0.43164617 0.43436717 0.43470486
 0.4349309  0.43730726 0.43741075 0.4380408  0.43901034 0.44084111
 0.44138485 0.44266097 0.44299742 0.44765424 0.44859465 0.44895755
 0.45029908 0.45035097 0.45129075 0.45166871 0.45198775 0.45198791
 0.45389557 0.45419059 0.4547764  0.45649592 0.45738587]
chain_sorted = [0.4280867  0.42894123 0.42905013 0.43167201 0.43241079 0.43436372
 0.43467221 0.43491776 0.43624099 0.43741433 0.43804298 0.43910349
 0.43931503 0.44085939 0.44101224 0.44219473 0.44270975 0.44299833
 0.44554261 0.44767318 0.44844358 0.44855276 0.44898616 0.45159081
 0.45198795 0.4538622  0.45407108 0.45646116 0.45739338]
ngchain_sorted = [0.4280867  0.42894123 0.42905013 0.43167201 0.43241079 0.43436372
 0.43467221 0.43491776 0.43624099 0.43741433 0.43804298 0.43910349
 0.43931503 0.44085939 0.44101224 0.44219473 0.44270975 0.44299833
 0.44554261 0.44767318 0.44844358 0.44855276 0.44898616 0.45159081
 0.45198795 0.4538622  0.45407108 0.45646116 0.45739338]
current_best = [80.9013651056523, 174.07026879067413, 96.28597590911717, 118.62909812475037, 127.5614908469795, 136.78715239658848, 91.5088439447161, 104.59466839829129, 131.44458163728578, 132.63451308615498, 120.60996184210525, 102.40757719148004, 90.56223216874446, 140.15007306413293, 76.87918734175143, 108.71438736963864, 91.44941309830435, 112.79959342084457, 83.19137276736998, 93.64181845217719, 78.72027584546825, 133.85438843327566, 78.93830636877308, 97.66283857218905, 61.964658802778594, 84.84426143725469, 63.28123989287647, 87.69583444118986, 71.12974435990327, 81.6072555796527]
current_best_val = 0.40092299753257293
