de_sorted = [0.60296991 0.60521851 0.60613457 0.60701135 0.60829841 0.60996486
 0.6107231  0.61106345 0.6111445  0.61210034 0.61283043 0.61329016
 0.61421849 0.61500982 0.61559621 0.61599754 0.61636361 0.61687575
 0.61700988 0.61959919 0.61998375 0.62006271 0.62100755 0.62209212
 0.62386643 0.62735798 0.62787136 0.6306234  0.63182594]
steep_sorted = [0.75725095 0.7590455  0.75911775 0.76336195 0.77519188 0.7754539
 0.79706247 0.80121607 0.8091572  0.81645638 0.8193617  0.82017058
 0.83087271 0.83255882 0.83648484 0.83764844 0.84269633 0.84937157
 0.85058366 0.85114755 0.85451094 0.85655318 0.85751331 0.86089379
 0.86437977 0.86475763 0.87039693 0.88734121 0.93852768]
bfgs_sorted = [0.60016593 0.60055842 0.60072791 0.60084537 0.60107349 0.60178063
 0.6047036  0.60477263 0.60478088 0.60494853 0.60515678 0.60548121
 0.60552048 0.60578614 0.60601429 0.60616563 0.60689204 0.60691757
 0.60715644 0.60780894 0.60874053 0.60992072 0.61059997 0.61135575
 0.61341001 0.6135009  0.61422199 0.61446269 0.62370205]
chain_sorted = [0.60016796 0.60056654 0.60073323 0.60084607 0.60107415 0.60178795
 0.60471263 0.6047785  0.60478711 0.60495871 0.60515912 0.60550239
 0.60552533 0.60579187 0.60601843 0.60617452 0.60690103 0.6069186
 0.60716957 0.60781948 0.60874019 0.60992929 0.61060199 0.61135958
 0.61341526 0.61350992 0.61422643 0.61446705 0.62370894]
ngchain_sorted = [0.60016796 0.60056654 0.60073323 0.60084607 0.60107415 0.60178795
 0.60471263 0.6047785  0.60478711 0.60495871 0.60515912 0.60550239
 0.60552533 0.60579187 0.60601843 0.60617452 0.60690103 0.6069186
 0.60716957 0.60781948 0.60874019 0.60992929 0.61060199 0.61135958
 0.61341526 0.61350992 0.61422643 0.61446705 0.62370894]
current_best = [72.23455886620934, 89.31983123578891, 74.32042156839972, 93.58016523065922, 130.03212578299386, 91.34946826898891, 76.28255554878335, 89.15889232269055, 76.41425631943669, 93.76882015350542]
current_best_val = 0.5940947205356436
