de_sorted = [0.46684971 0.46907411 0.47127666 0.47443006 0.47870124 0.47959509
 0.48124182 0.48125028 0.48196163 0.48284819 0.48318893 0.48636202
 0.48707125 0.48775999 0.48918359 0.48940235 0.49017702 0.49088397
 0.49265007 0.49269773 0.49401788 0.49525802 0.50294952 0.50586534
 0.50961873 0.51116959 0.5112326  0.51249246 0.51574625]
steep_sorted = [0.55131606 0.57580137 0.58160523 0.5830786  0.58401828 0.58543974
 0.61048807 0.6140801  0.61850564 0.61942822 0.6216102  0.62768702
 0.63121635 0.63398692 0.63603894 0.63919617 0.64298158 0.64418519
 0.64922339 0.65436687 0.66202702 0.67436683 0.68269485 0.68475266
 0.68702798 0.69252412 0.72432587 0.73252092 0.73260802]
bfgs_sorted = [0.3953409  0.39918166 0.40369588 0.40692509 0.41003546 0.41023454
 0.41040669 0.4118609  0.41250225 0.41320242 0.41330804 0.41334839
 0.41613626 0.41623014 0.41834484 0.41843382 0.41948292 0.42058818
 0.42144105 0.42195678 0.42209087 0.42240322 0.42292308 0.42315692
 0.42448984 0.42473923 0.42679788 0.42835088 0.43609148]
chain_sorted = [0.3953409  0.39918166 0.40369588 0.40692509 0.41003546 0.41023454
 0.41040669 0.4118609  0.41250225 0.41320242 0.41330804 0.41334839
 0.41613626 0.41623014 0.41834484 0.41843382 0.41948292 0.42058818
 0.42144105 0.42195678 0.42209087 0.42240322 0.42292308 0.42315692
 0.42448984 0.42473923 0.42679788 0.42835088 0.43609148]
ngchain_sorted = [0.3953409  0.39918166 0.40369588 0.40692509 0.41003546 0.41023454
 0.41040669 0.4118609  0.41250225 0.41320242 0.41330804 0.41334839
 0.41613626 0.41623014 0.41834484 0.41843382 0.41948292 0.42058818
 0.42144105 0.42195678 0.42209087 0.42240322 0.42292308 0.42315692
 0.42448984 0.42473923 0.42679788 0.42835088 0.43609148]
current_best = [82.48250013700944, 116.33913235726914, 124.75236912963346, 109.87953890745177, 124.1819009061281, 106.35844295045116, 91.30472616862, 169.17493343650136, 92.3158738332433, 138.7100157405482, 85.00139814198619, 89.71253300355612, 64.71439611785847, 76.57510057598314, 63.54564317054037, 82.1196620615862, 65.47743713112735, 79.64339474109646, 69.68491883206407, 93.68691914072868, 94.66017365410167, 120.66463458300997, 90.47655755957591, 101.05602557811635, 81.58939676722558, 93.81636129290882, 77.66664791455797, 106.54144700488533, 88.92834455134125, 106.02735654468226]
current_best_val = 0.37575252348805566
