de_sorted = [0.66811181 0.66860103 0.66907328 0.66986705 0.67018001 0.67072774
 0.67108063 0.67133677 0.67137561 0.67162374 0.67162656 0.67189775
 0.67208099 0.67232618 0.67263112 0.67269813 0.67272462 0.67309287
 0.6732831  0.67334324 0.67358865 0.67418827 0.67559435 0.67582086
 0.67740844 0.68237765 0.68375514 0.68614304 0.68781522]
steep_sorted = [0.57547737 0.59816213 0.59893331 0.62447173 0.63878283 0.63935742
 0.64772219 0.65241298 0.66181461 0.66235961 0.66730907 0.67053773
 0.67675738 0.6831699  0.68702901 0.69162413 0.70007644 0.70851892
 0.71439584 0.71710899 0.72512329 0.72657067 0.72893199 0.7508986
 0.75118093 0.75242058 0.77210667 0.81090902 0.82177315]
bfgs_sorted = [0.65973523 0.66527565 0.66537943 0.66695695 0.66753297 0.66903958
 0.6692794  0.66979008 0.66990038 0.67095553 0.67102163 0.67108135
 0.67176394 0.6718155  0.67216566 0.67235222 0.67253819 0.67285867
 0.67286898 0.67310755 0.67330619 0.6738232  0.6740288  0.67577057
 0.67691588 0.67722144 0.6778452  0.67864064 0.68274893]
chain_sorted = [0.66846362 0.66881562 0.66904029 0.66925108 0.66926463 0.66932625
 0.66969986 0.66996196 0.67017726 0.67177761 0.67184149 0.67196188
 0.67234392 0.67238084 0.67242529 0.67250107 0.67293508 0.67346076
 0.67402881 0.6742596  0.67428262 0.67432839 0.67434799 0.67458784
 0.67505694 0.67590649 0.67752859 0.67854948 0.67999947]
ngchain_sorted = [0.66846362 0.66881562 0.66904029 0.66925108 0.66926463 0.66932625
 0.66969986 0.66996196 0.67017726 0.67177761 0.67184149 0.67196188
 0.67234392 0.67238084 0.67242529 0.67250107 0.67293508 0.67346076
 0.67402881 0.6742596  0.67428262 0.67432839 0.67434799 0.67458784
 0.67505694 0.67590649 0.67752859 0.67854948 0.67999947]
current_best = [77.73038789500971, 161.18354535152943, 143.7165695911205, 103.83382808776989, 139.7223189458856, 55.547932631443345, 71.78055563957234, 178.5134832835223, 180.0, 129.17094660326435, 80.58012716998122, 89.14976583394031, 163.32733830281566, 94.81431959572662, 40.2656813484166, 101.17505942235299, 76.51745227646586, 102.25584133712512, 98.27633394147094, 128.25049647470556, 105.84037162708543, 180.0, 137.0558299774946, 118.83408576542794, 122.24045736097015, 122.18892274569652, 106.68673778815467, 54.58466704874793, 157.837909229058, 180.0]
current_best_val = 0.5754773729668914
