de_sorted = [0.09766902 0.09837241 0.0985843  0.09936799 0.10003597 0.10249428
 0.10290297 0.10739365 0.10820742 0.11011312 0.1111379  0.11141938
 0.11266737 0.11375807 0.11433103 0.11505448 0.11596038 0.11625012
 0.11650935 0.11671484 0.11698749 0.11838454 0.12031016 0.12178022
 0.12449983 0.12542817 0.12575764 0.12637709 0.12895885]
steep_sorted = [0.29845331 0.30627249 0.32946401 0.33306552 0.3434087  0.34902884
 0.35042102 0.35341294 0.35904788 0.36333556 0.37008342 0.37676922
 0.38074663 0.38284892 0.38703747 0.39432663 0.41737374 0.41955781
 0.42780998 0.43541781 0.43877623 0.44045278 0.44637566 0.44924011
 0.45111498 0.4562178  0.47497842 0.47897853 0.64728628]
bfgs_sorted = [0.10754868 0.10754868 0.10754868 0.10754868 0.10754868 0.10754868
 0.10754868 0.10754868 0.10754868 0.10754868 0.10754868 0.10754868
 0.10754868 0.10754868 0.10754868 0.10754868 0.10754868 0.10754868
 0.10754868 0.10754868 0.10754868 0.10754868 0.10754868 0.10754868
 0.10754868 0.10754868 0.10754868 0.10754868 0.10754868]
chain_sorted = [0.10580697 0.10594585 0.10754868 0.10754868 0.10754868 0.10754868
 0.10754868 0.10754868 0.10754868 0.10754868 0.10754868 0.10754868
 0.10754868 0.10754868 0.10754868 0.10754868 0.10754868 0.10754868
 0.10754868 0.10754868 0.10754868 0.10754868 0.10754868 0.10754868
 0.10754868 0.10754868 0.10754868 0.10754868 0.10754868]
ngchain_sorted = [0.10580697 0.10594585 0.10754868 0.10754868 0.10754868 0.10754868
 0.10754868 0.10754868 0.10754868 0.10754868 0.10754868 0.10754868
 0.10754868 0.10754868 0.10754868 0.10754868 0.10754868 0.10754868
 0.10754868 0.10754868 0.10754868 0.10754868 0.10754868 0.10754868
 0.10754868 0.10754868 0.10754868 0.10754868 0.10754868]
current_best = [66.6460366279807, 62.45450436558185, 97.09925145658188, 52.54724320025243, 69.93002395217316, 94.8094554602461, 125.2115870294219, 105.66160757118196, 55.276351100144915, 77.62463390184742, 72.14191331670463, 77.05448476951423, 150.34356196817967, 93.88810140529328, 75.17144632417889, 68.87737353634441, 124.44072313512265, 40.172905394463356, 96.17944454633022, 90.03447480688365, 87.43576561512151, 123.72717574191572, 106.08135014760813, 66.13159889458312, 69.04434184851468, 52.18457669078748, 79.48790701115476, 106.40601038565207, 111.68029510960447, 83.328579216869, 75.73307056978517, 90.17731673739958, 55.96637263388253, 68.67371116157216, 132.07989334077516, 140.6277278534494, 70.7611483848143, 54.83522832584645, 63.29894826188505, 84.98029510859409, 62.359347604484114, 63.82962081140871, 74.43250071853946, 53.08783290636959, 75.87191592253922, 77.22408115430545, 75.58381308488777, 72.76068571668289, 86.53179228538207, 68.55126522122916, 76.48305798892021, 104.73369565141225, 54.33178867250772, 80.08245787293575, 66.69619248007662, 85.00920933562396, 74.77961610624882, 80.6438455095894, 77.61371810001476, 68.314224400484, 101.28705629545556, 60.292595041755064, 74.40951575171886, 86.48187119442531, 103.1825749211466, 95.8502690533805, 88.55547235706263, 69.00346784669152, 105.6576708272998, 141.94588806620555, 80.20679354959437, 99.98945146112533, 93.96815390959608, 106.68955928234537, 108.27832544403947, 82.56141395472972, 92.6444141513828, 98.52444747398108, 94.65535834262938, 83.31543987844546, 114.9388909915236, 56.78897672164183, 97.0236007748361, 121.69472162317922, 109.6169971735875, 88.58861629004689, 114.88390123211296, 80.38410148082728, 103.02555247203705, 69.97232335137375, 100.06509022581788, 95.27209120021028, 102.6046379893446, 81.32737620931009, 89.3112503540092, 68.42120249973713, 42.012144676737876, 117.3852129802206, 45.68393539211392, 93.58480044657901]
current_best_val = 0.043544186519972605
