de_sorted = [0.00530379 0.00543112 0.00547048 0.00549828 0.00556582 0.0055836
 0.00560921 0.00589485 0.00591397 0.0059408  0.00596977 0.00597697
 0.00598491 0.00602046 0.0060303  0.00610743 0.00613417 0.00617196
 0.00629287 0.00641532 0.00648592 0.00650196 0.00662406 0.00666278
 0.00675668 0.00697208 0.00739385 0.00817104 0.00838755]
steep_sorted = [0.04744222 0.05830326 0.06817104 0.0709508  0.07104153 0.07560589
 0.07601896 0.08843646 0.09194559 0.09241507 0.09835081 0.10275039
 0.10760553 0.10899978 0.10976686 0.11396803 0.11558829 0.12113146
 0.12225749 0.12280982 0.12657421 0.1314956  0.13715911 0.14129807
 0.14569002 0.15106908 0.16230576 0.18628547 0.20142077]
bfgs_sorted = [0.00583917 0.00639642 0.00639642 0.00639642 0.00643902 0.00648191
 0.0065784  0.00705331 0.00705331 0.00705331 0.00710027 0.00714755
 0.00714755 0.00758692 0.00782916 0.00782916 0.00782916 0.00788127
 0.00788127 0.00863255 0.00863255 0.00863255 0.00937627 0.00970912
 0.01033759 0.0113969  0.01147261 0.0144759  0.01552907]
chain_sorted = [0.00526    0.00526    0.00526    0.00526    0.00526    0.00526
 0.00526    0.00526    0.00526    0.00526    0.00526    0.00526
 0.00526    0.00526    0.00526    0.00526    0.00526    0.00526
 0.00580053 0.00580053 0.00580053 0.00580053 0.00580053 0.00580053
 0.00580053 0.00580053 0.00580053 0.00639642 0.00639642]
ngchain_sorted = [0.00526    0.00526    0.00526    0.00526    0.00526    0.00526
 0.00526    0.00526    0.00526    0.00526    0.00526    0.00526
 0.00526    0.00526    0.00526    0.00526    0.00526    0.00526
 0.00580053 0.00580053 0.00580053 0.00580053 0.00580053 0.00580053
 0.00580053 0.00580053 0.00580053 0.00639642 0.00639642]
current_best = [173.20508894513935, 70.71067943222985, 173.2050742447446, 70.71068112387546, 57.735031482269676, 70.7106876336012, 173.20505286852918, 70.71071337468425, 173.20506881453372, 70.71067817870109, 57.735007039905405, 70.71072439547535, 173.20506878916618, 70.71066952355686, 173.20508312671618, 70.71067100527853, 173.2050762985531, 70.710708784324, 57.7349930449807, 70.71072252538775, 173.2050405236073, 70.71073405301583, 173.20504443663103, 70.71071765315604, 57.73499969812112, 70.71070363229765, 173.20505601300883, 70.71071365335362, 57.7350056546324, 70.71069090714613]
current_best_val = 0.0052600033811968094
