de_sorted = [0.36589203 0.36802375 0.36862491 0.37054597 0.37548518 0.37722906
 0.37808686 0.37941007 0.38375128 0.38464646 0.38602761 0.38757793
 0.38946173 0.38988258 0.39067865 0.39153886 0.39602248 0.39800883
 0.39817837 0.39870387 0.39914037 0.39948031 0.40027539 0.4032359
 0.40333741 0.40466296 0.40604724 0.40618469 0.41892713]
steep_sorted = [0.47558161 0.47813552 0.4878749  0.48918857 0.49391296 0.50120788
 0.50696085 0.50704834 0.50907544 0.51940988 0.52172151 0.52448266
 0.52599116 0.53008133 0.53102455 0.53285557 0.53658123 0.54081835
 0.54304459 0.5490015  0.55421983 0.55849669 0.56195455 0.56273401
 0.5664817  0.57559856 0.58263355 0.58730526 0.59509015]
bfgs_sorted = [0.37467106 0.40140182 0.40664344 0.4118685  0.41255347 0.41752048
 0.418113   0.41917945 0.4197145  0.42034357 0.42042898 0.42044369
 0.42799809 0.42930866 0.42937569 0.43077429 0.43121517 0.43177011
 0.4328406  0.43375176 0.43377256 0.43446109 0.43682634 0.4375888
 0.4386512  0.44389277 0.44888958 0.44987783 0.45546641]
chain_sorted = [0.37467106 0.38483034 0.38731627 0.39229377 0.3922952  0.39246433
 0.39586549 0.39669033 0.39804784 0.39889876 0.4004364  0.40045759
 0.40140182 0.40298927 0.40474498 0.40629659 0.4098937  0.41030468
 0.41156962 0.4118685  0.41409424 0.41541899 0.41727935 0.41752048
 0.41799786 0.41917945 0.41923652 0.4197145  0.42898126]
ngchain_sorted = [0.37467106 0.38483034 0.38731627 0.39229377 0.3922952  0.39246433
 0.39586549 0.39669033 0.39804784 0.39889876 0.4004364  0.40045759
 0.40140182 0.40298927 0.40474498 0.40629659 0.4098937  0.41030468
 0.41156962 0.4118685  0.41409424 0.41541899 0.41727935 0.41752048
 0.41799786 0.41917945 0.41923652 0.4197145  0.42898126]
current_best = [165.30505592199256, 159.451670104305, 162.37603139133074, 177.10536314808152, 173.30436122382068, 176.81033564943175, 160.89187254544862, 178.55797488003972, 155.8273890429156, 149.72796738310987, 170.77842797269753, 128.3441633749392, 148.60396709659878, 104.19393552159416, 139.2023266956423, 147.85851675609996, 157.68390727778805, 154.2013625581319, 172.20151845820268, 125.57293502026367, 160.69152264294914, 90.5575478448577, 75.63172793219205, 151.08001934741532, 152.49928390182345, 171.35703790651317, 178.75932031248863, 141.0858930418121, 140.4910972694711, 131.22989641382588, 91.4330549310142, 110.25351173620392, 117.41338061677155, 126.00820867728594, 108.0715217746177, 147.49862779917223, 92.67712634629095, 121.93468079047646, 153.0719383673008, 91.60948986758534, 91.65359691400128, 178.59555568347395, 137.09090766094369, 145.57102284206795, 154.4310661976554, 120.64586946798381, 105.08985189543637, 93.85069010511252, 97.9020141457286, 145.72195842436284, 105.86021496702861, 77.71813318283178, 80.29398931129553, 103.73083014515998, 103.64601016013209, 102.28258349034006, 86.94751540026381, 104.5859450331603, 105.14886880847106, 83.5073517519546, 94.8820907793311, 71.19209293552883, 83.46828543930762, 89.58438107408631, 77.52387052609825, 84.36731529631804, 71.4601541984475, 81.70701721327531, 78.64365866335459, 82.90243771530541]
current_best_val = 0.26866720104542224
