de_sorted = [0.00526    0.00526    0.00526    0.00526    0.00526    0.00526
 0.00526    0.00526001 0.00526001 0.00526002 0.00526002 0.00526006
 0.00526007 0.00526019 0.00526022 0.00526025 0.00526068 0.00526076
 0.00526093 0.00526145 0.00526244 0.00526751 0.00527753 0.00528129
 0.00580082 0.00580168 0.00580416 0.00580689 0.00584505]
steep_sorted = [0.02645631 0.02790293 0.02941288 0.03037597 0.03123679 0.03134883
 0.03178706 0.03258459 0.03346502 0.03390225 0.03650067 0.03657406
 0.03660012 0.03709127 0.03926159 0.03989985 0.03990087 0.03994357
 0.04060461 0.04120706 0.0414509  0.04215217 0.04259984 0.04437728
 0.04620737 0.04809013 0.04991562 0.0564236  0.05710143]
bfgs_sorted = [0.00526    0.00526    0.00580053 0.00580053 0.00583917 0.00639642
 0.00643902 0.00710027 0.00710027 0.00710027 0.00710027 0.00714755
 0.00714755 0.0071624  0.00770447 0.00777739 0.00780922 0.00782916
 0.00782916 0.00788127 0.00788127 0.00817151 0.00863255 0.00868998
 0.00874779 0.00929664 0.00964499 0.01177059 0.01299291]
chain_sorted = [0.00526    0.00526    0.00526    0.00526    0.00526    0.00526
 0.00526    0.00526    0.00526    0.00526    0.00526    0.00526
 0.00526    0.00526    0.00526    0.00526    0.00526    0.00526
 0.00526    0.00526    0.00526    0.00526    0.00526    0.00580053
 0.00580053 0.00580053 0.00580053 0.00580053 0.00639642]
ngchain_sorted = [0.00526    0.00526    0.00526    0.00526    0.00526    0.00526
 0.00526    0.00526    0.00526    0.00526    0.00526    0.00526
 0.00526    0.00526    0.00526    0.00526    0.00526    0.00526
 0.00526    0.00526    0.00526    0.00526    0.00526    0.00580053
 0.00580053 0.00580053 0.00580053 0.00580053 0.00639642]
current_best = [57.735027048714926, 70.71067728776224, 57.735028201377425, 70.71067801833163, 57.73502808002117, 70.71067456126536, 57.7350342526729, 70.71067237814087, 57.73502338540584, 70.71068090087644, 57.735025176974396, 70.71068500934761, 57.73502367613082, 70.71068076615087, 57.735023249458436, 70.71067644733544, 173.20508186984804, 70.71067710941222, 57.73503103748297, 70.71066884505471, 57.73503930009247, 70.7106732982156, 173.20508002985162, 70.71067762101067, 173.20507924456447, 70.71067990907237, 57.73502489661804, 70.7106803538845, 57.735031929849406, 70.71067250153177]
current_best_val = 0.005260003381189815
