de_sorted = [1.59328877e-06 1.74948092e-06 1.74951872e-06 1.92976107e-06
 1.92976110e-06 1.92976228e-06 1.94273883e-06 1.94282262e-06
 2.00120091e-06 2.02114761e-06 2.04362064e-06 2.12864424e-06
 2.12895866e-06 2.14286702e-06 2.14286780e-06 2.14375209e-06
 2.16460561e-06 2.19941739e-06 2.34802720e-06 2.36442917e-06
 2.36453124e-06 2.37953554e-06 2.37954609e-06 2.43664690e-06
 2.85693937e-06 2.85695859e-06 2.87134769e-06 2.93055652e-06
 3.15137722e-06]
steep_sorted = [0.00383118 0.00554254 0.00625017 0.00684151 0.00710556 0.00724057
 0.00751107 0.00756479 0.00767806 0.00807661 0.00830001 0.00860069
 0.00874112 0.00875475 0.00916137 0.00916529 0.00935509 0.00951205
 0.00991454 0.01003625 0.01061445 0.0110748  0.01113747 0.01148231
 0.01163603 0.01186133 0.01194355 0.01205351 0.016264  ]
bfgs_sorted = [1.76885712e-06 1.76885712e-06 1.76885712e-06 1.76885712e-06
 1.76885712e-06 1.76885712e-06 1.76885712e-06 1.76885712e-06
 1.76885712e-06 1.76885712e-06 1.76885712e-06 1.76885712e-06
 1.76885712e-06 1.76885712e-06 1.76885712e-06 1.76885712e-06
 1.76885712e-06 1.76885712e-06 1.76885712e-06 1.76885712e-06
 1.76885712e-06 1.76885712e-06 1.76885712e-06 1.76885712e-06
 1.76885712e-06 1.76885712e-06 1.76885712e-06 1.76885712e-06
 1.76885712e-06]
chain_sorted = [1.75231095e-06 1.75335800e-06 1.76034065e-06 1.76702455e-06
 1.76885712e-06 1.76885712e-06 1.76885712e-06 1.76885712e-06
 1.76885712e-06 1.76885712e-06 1.76885712e-06 1.76885712e-06
 1.76885712e-06 1.76885712e-06 1.76885712e-06 1.76885712e-06
 1.76885712e-06 1.76885712e-06 1.76885712e-06 1.76885712e-06
 1.76885712e-06 1.76885712e-06 1.76885712e-06 1.76885712e-06
 1.76885712e-06 1.76885712e-06 1.76885712e-06 1.76885712e-06
 1.76885712e-06]
ngchain_sorted = [1.75231095e-06 1.75335800e-06 1.76034065e-06 1.76702455e-06
 1.76885712e-06 1.76885712e-06 1.76885712e-06 1.76885712e-06
 1.76885712e-06 1.76885712e-06 1.76885712e-06 1.76885712e-06
 1.76885712e-06 1.76885712e-06 1.76885712e-06 1.76885712e-06
 1.76885712e-06 1.76885712e-06 1.76885712e-06 1.76885712e-06
 1.76885712e-06 1.76885712e-06 1.76885712e-06 1.76885712e-06
 1.76885712e-06 1.76885712e-06 1.76885712e-06 1.76885712e-06
 1.76885712e-06]
current_best = [173.19889343385594, 70.7300423850528, 57.73149970655079, 70.7081868865556, 173.2003230540715, 70.72543013825963, 57.71685244745913, 70.73329055028306, 173.19001705440135, 70.74510488106294, 57.714851569938155, 70.71460343735235, 173.1999756128982, 70.72400789747617, 57.727271035321294, 70.71167270052968, 173.2010953005117, 70.71522859674768, 57.73656863753803, 70.6951630191217, 173.22668586208206, 70.69137125564761, 173.21826583361312, 70.69237309913566, 57.732806019962226, 70.7110456247762, 173.21295355800655, 70.72562963732045, 57.722472059414045, 70.73156933290717, 173.1880022311898, 70.72916432837586, 57.725344931192204, 70.71034489793834, 173.20463908145567, 70.71499452081666, 173.2110641768378, 70.70528038229965, 57.72716122348203, 70.72667462776035, 173.18401469826645, 70.7149911505096, 57.74098496480452, 70.71088756413391, 173.20103108945054, 70.71869683559167, 57.734633523669245, 70.7145888725966, 173.1937879008586, 70.7176410180764, 173.21274587865983, 70.7125052807543, 57.73230898685749, 70.69368392997559, 173.2118941029442, 70.70445512569826, 57.746999021909886, 70.70561709842792, 173.2010458304518, 70.71725358673066, 173.2010994285808, 70.70614044010884, 57.74483327615715, 70.68824085898497, 173.22266994400874, 70.68136403328799, 57.77317572544351, 70.68245710584348, 173.21299804408497, 70.71364630143782]
current_best_val = 1.5860082245300333e-06
