de_sorted = [0.29022279 0.30399091 0.33588011 0.3367736  0.34012203 0.34336672
 0.34425886 0.34441787 0.34667931 0.34949291 0.3579885  0.35906079
 0.36575884 0.36661971 0.36764225 0.36845037 0.37978404 0.38138029
 0.3828137  0.3839097  0.38412776 0.38535806 0.39089378 0.39228722
 0.39859168 0.40229552 0.41388637 0.42252125 0.45343456]
steep_sorted = [0.38990326 0.41233482 0.41816664 0.42573476 0.44053673 0.44326553
 0.44447361 0.44924418 0.45530286 0.4685283  0.47356735 0.4741117
 0.47686041 0.4790461  0.47974321 0.49738021 0.50187434 0.50246262
 0.50327598 0.51649378 0.51904181 0.5242187  0.54078318 0.55980021
 0.56356542 0.59622925 0.59980728 0.61085694 0.61993044]
bfgs_sorted = [0.2658036  0.28284723 0.29563155 0.30035036 0.30800191 0.31473059
 0.31881989 0.32092234 0.32469416 0.33287173 0.33660609 0.33679293
 0.33903714 0.34017805 0.34392274 0.34840363 0.35386638 0.35596149
 0.35812577 0.36009609 0.36111029 0.3711184  0.37353665 0.38081944
 0.38462957 0.38731577 0.39761774 0.40266345 0.45968652]
chain_sorted = [0.262387   0.26576619 0.28277729 0.29565225 0.30035044 0.31473506
 0.31882339 0.3193913  0.32242999 0.32472587 0.3250499  0.32721341
 0.32945416 0.33678969 0.33822248 0.34017123 0.34309435 0.34395156
 0.34766494 0.34848816 0.35375506 0.35397991 0.35594167 0.36655175
 0.37118053 0.38461924 0.38706767 0.39578465 0.39761343]
ngchain_sorted = [0.262387   0.26576619 0.28277729 0.29565225 0.30035044 0.31473506
 0.31882339 0.3193913  0.32242999 0.32472587 0.3250499  0.32721341
 0.32945416 0.33678969 0.33822248 0.34017123 0.34309435 0.34395156
 0.34766494 0.34848816 0.35375506 0.35397991 0.35594167 0.36655175
 0.37118053 0.38461924 0.38706767 0.39578465 0.39761343]
current_best = [56.27401132882841, 96.89589621219088, 110.5735498129814, 147.79553862717538, 151.44017694178356, 83.18227626029282, 75.41567409955773, 81.04250907241378, 58.20008506188617, 88.49150373753487, 82.53325768744517, 82.67593302507034, 100.4951797405878, 134.2452316139308, 113.50954327437421, 100.10619352503657, 105.26168152015997, 87.67435170670609, 111.37646886796755, 87.38685160453043, 89.0261972928243, 114.07159197092936, 75.89915019185744, 98.03213653179105, 96.30642390156402, 122.85720922642135, 124.10013338743568, 89.2393388721453, 82.36846406029024, 84.08186804878065, 118.92032581595613, 95.77053178079979, 77.4245049695613, 80.68669952212618, 85.13823123049649, 82.65842974973927, 91.9847244426249, 125.553694217367, 153.42372835521442, 78.71620765567711, 82.09618163431466, 83.51797352187053, 71.53629481209477, 70.51083410683339, 70.32269803928001, 82.45867352127382, 62.40763940259011, 79.19577059163089, 69.02415529868053, 85.18362037820754, 56.308669203155326, 79.78013164177412, 68.48079876331364, 75.3688455292217, 77.29894802702928, 104.1377268358451, 121.26329572500181, 94.376334433732, 82.23052214105185, 70.47026462461154, 89.65240070332433, 91.73740786234929, 90.85894403558099, 76.87437984239881, 70.0423641924333, 81.33599593975075, 88.09336576360407, 95.80381725078153, 77.93301114822873, 88.4188715730601]
current_best_val = 0.14163291055333582
