de_sorted = [0.30910277 0.3099222  0.3115554  0.31205813 0.31217967 0.31224509
 0.31269618 0.31291322 0.31293775 0.31344839 0.31379833 0.31569439
 0.3157828  0.31603327 0.31650399 0.31727573 0.31938682 0.31967944
 0.31993388 0.32014372 0.32227222 0.32283572 0.32308006 0.32784947
 0.33107931 0.33276379 0.33427449 0.33483209 0.34410098]
steep_sorted = [0.55665427 0.59423585 0.59784095 0.60951236 0.62306661 0.63041691
 0.63164598 0.63874685 0.64162778 0.64594504 0.66357388 0.67309175
 0.67883364 0.68054891 0.68753317 0.6929963  0.69364313 0.69477097
 0.70921161 0.71590805 0.72779483 0.7279909  0.75168745 0.76455701
 0.76864064 0.78670467 0.78942727 0.81284566 0.83865265]
bfgs_sorted = [0.326808   0.32851574 0.32974079 0.33560789 0.33699559 0.33747308
 0.33814835 0.34056628 0.34096006 0.34405707 0.3441552  0.34612923
 0.34629178 0.34823612 0.35189235 0.35196601 0.35267158 0.35268937
 0.35334414 0.35394343 0.35471625 0.35546271 0.35688292 0.35775698
 0.36317583 0.36895733 0.38621818 0.39080265 0.3977762 ]
chain_sorted = [0.30892584 0.30911013 0.30958344 0.30965372 0.31130129 0.31200984
 0.31270453 0.31285819 0.31290173 0.31301019 0.31332005 0.31430929
 0.31555278 0.31577023 0.315932   0.31664029 0.3169025  0.3188472
 0.31968831 0.32023755 0.32046535 0.32068312 0.32091023 0.32305282
 0.32429114 0.32593631 0.32874386 0.33211042 0.34723581]
ngchain_sorted = [0.30892584 0.30911013 0.30958344 0.30965372 0.31130129 0.31200984
 0.31270453 0.31285819 0.31290173 0.31301019 0.31332005 0.31430929
 0.31555278 0.31577023 0.315932   0.31664029 0.3169025  0.3188472
 0.31968831 0.32023755 0.32046535 0.32068312 0.32091023 0.32305282
 0.32429114 0.32593631 0.32874386 0.33211042 0.34723581]
current_best = [63.926462246363755, 84.20704171228034, 66.97228256164199, 76.26727061930136, 61.04921956029903, 85.38500796417547, 71.19160439742163, 98.71444010246499, 103.32740240148415, 104.25074523217897, 78.86558111661087, 94.25496277451387, 97.11216250794527, 107.08348715931774, 78.02235203994427, 95.13142061014787, 97.69350643692768, 111.00643366614314, 79.03385348901675, 95.54824587551533, 78.1037928677184, 138.83040790833994, 80.06030193910118, 85.2580899638335, 72.60369202990238, 84.89701448255893, 64.10004252797594, 76.52262364817788, 70.06617997093409, 82.67431600003597]
current_best_val = 0.30603095125862495
