de_sorted = [0.60796055 0.61013518 0.6113183  0.61273851 0.61292198 0.61340179
 0.61495701 0.61512413 0.61543137 0.61569445 0.61569525 0.61647855
 0.61939806 0.61978357 0.62161252 0.62246628 0.62271366 0.62291154
 0.62359087 0.6239759  0.62407357 0.62498178 0.62615688 0.62747586
 0.62758856 0.62928078 0.6359249  0.63598293 0.63609397]
steep_sorted = [0.69732064 0.70436188 0.71466405 0.71978336 0.72061117 0.72515099
 0.72821796 0.73162592 0.7486295  0.75134793 0.75317299 0.75382569
 0.75512916 0.75571429 0.75699639 0.76505327 0.76572653 0.76777616
 0.76807302 0.77818329 0.7837657  0.7853408  0.79023989 0.79465249
 0.79771495 0.81339958 0.8135893  0.8181909  0.81931549]
bfgs_sorted = [0.64177384 0.64190296 0.64204051 0.64612657 0.64620986 0.64895916
 0.64904215 0.65364998 0.65421669 0.6563768  0.65676521 0.65830879
 0.65912297 0.65984807 0.66064829 0.66191194 0.66343021 0.66372301
 0.66498598 0.66605587 0.66696498 0.66922848 0.66929161 0.66981912
 0.67394309 0.67534314 0.67825274 0.68034027 0.68035827]
chain_sorted = [0.61318327 0.61338931 0.6154225  0.61686359 0.61747422 0.61865336
 0.61977116 0.6199131  0.62201428 0.62337359 0.62341649 0.62349503
 0.62556718 0.62566867 0.62632002 0.62660005 0.62678908 0.62726494
 0.62775821 0.63145417 0.63320284 0.63612154 0.63762589 0.63889306
 0.63939777 0.64226551 0.64373552 0.64697989 0.64914878]
ngchain_sorted = [0.61318327 0.61338931 0.6154225  0.61686359 0.61747422 0.61865336
 0.61977116 0.6199131  0.62201428 0.62337359 0.62341649 0.62349503
 0.62556718 0.62566867 0.62632002 0.62660005 0.62678908 0.62726494
 0.62775821 0.63145417 0.63320284 0.63612154 0.63762589 0.63889306
 0.63939777 0.64226551 0.64373552 0.64697989 0.64914878]
current_best = [111.29974365234375, 179.92371559143066, 179.9986457824707, 176.79332733154297, 179.73044395446777, 136.6959285736084, 179.9307346343994, 179.60896492004395, 179.99016761779785, 120.61445236206055, 147.08765029907227, 167.26052284240723, 95.13677597045898, 106.4997386932373, 149.52631950378418, 120.77022552490234, 179.99475479125977, 160.09051322937012, 100.82052230834961, 108.29856872558594]
current_best_val = 0.6031107266412414
