de_sorted = [0.50112926 0.50256592 0.50377002 0.50433874 0.50544044 0.50687653
 0.50697654 0.50833477 0.50873401 0.5090176  0.50909303 0.50954175
 0.51008758 0.51070765 0.51267956 0.51282192 0.51326777 0.51348313
 0.51373507 0.51373941 0.51374266 0.51441616 0.51505179 0.51616626
 0.51653386 0.51909881 0.5202448  0.52157689 0.52234578]
steep_sorted = [0.64240034 0.66589089 0.68412246 0.68726877 0.69858115 0.7010805
 0.70125842 0.70772423 0.71840389 0.72084737 0.72138961 0.72481368
 0.73099579 0.73505845 0.74337196 0.74566929 0.74566988 0.74877513
 0.7534624  0.75422458 0.75579777 0.7605814  0.77103043 0.77339431
 0.77914446 0.78466356 0.80677632 0.8148201  0.82245654]
bfgs_sorted = [0.49300811 0.49307077 0.49320477 0.49347872 0.4937115  0.49372066
 0.4938661  0.494115   0.49412719 0.49413833 0.49454482 0.49458237
 0.49474996 0.49508227 0.49511471 0.49618798 0.49647825 0.49847111
 0.50102256 0.50160755 0.501969   0.50230112 0.50262671 0.50344999
 0.50347296 0.50362928 0.50370818 0.50410368 0.50584198]
chain_sorted = [0.49300703 0.49304081 0.49323833 0.4934821  0.49369899 0.49375426
 0.49385965 0.49412016 0.49412457 0.49413921 0.49459319 0.49460921
 0.49481167 0.49502993 0.49504665 0.49622275 0.4964618  0.49847522
 0.50100294 0.50163943 0.50194604 0.50233012 0.50263872 0.50344471
 0.50345733 0.50359745 0.5037663  0.50407554 0.50581388]
ngchain_sorted = [0.49300703 0.49304081 0.49323833 0.4934821  0.49369899 0.49375426
 0.49385965 0.49412016 0.49412457 0.49413921 0.49459319 0.49460921
 0.49481167 0.49502993 0.49504665 0.49622275 0.4964618  0.49847522
 0.50100294 0.50163943 0.50194604 0.50233012 0.50263872 0.50344471
 0.50345733 0.50359745 0.5037663  0.50407554 0.50581388]
current_best = [78.19182517758586, 96.63110961452523, 79.56174909682508, 98.9498316261548, 78.35351382306854, 97.87884743954574, 86.4407493754581, 133.43034204277413, 104.28720708418373, 122.18195616265284, 99.17304309333026, 109.14933489015453, 143.31304897248145, 102.81036032647263, 84.07664252255258, 179.88404830861626, 80.62679368154862, 92.86533794226641, 166.06911985564633, 92.90699223702921]
current_best_val = 0.49257216549183724
