de_sorted = [0.73883934 0.74390845 0.74460538 0.74585759 0.7461798  0.74641695
 0.74671642 0.74691928 0.74701507 0.74708342 0.74737844 0.7479109
 0.76324798 0.76534208 0.77121382 0.77625314 0.77839357 0.77877879
 0.778824   0.77908522 0.77918007 0.77933153 0.77937653 0.77941324
 0.77942115 0.7796156  0.77976863 0.77988075 0.78030965]
steep_sorted = [0.76649782 0.78707229 0.79791575 0.80440544 0.8045549  0.80620651
 0.80695622 0.80955895 0.81588627 0.81764936 0.81945341 0.82770271
 0.83259914 0.83513972 0.83588553 0.83951219 0.84172036 0.8451496
 0.84948667 0.853115   0.85856692 0.85893485 0.86007513 0.86885646
 0.86933737 0.88251578 0.89222544 0.89349326 0.92054348]
bfgs_sorted = [0.74664613 0.74683947 0.74885869 0.75032678 0.75293632 0.75374906
 0.7687415  0.77283301 0.77457451 0.77525857 0.77622485 0.77680217
 0.77716487 0.77759319 0.7785323  0.7788984  0.7791208  0.77927282
 0.78028773 0.78099323 0.78359994 0.78392374 0.78426105 0.78725534
 0.78877045 0.78880813 0.79344901 0.795522   0.79624173]
chain_sorted = [0.74556574 0.74606255 0.74663593 0.7468442  0.74703862 0.74886197
 0.74943776 0.75034137 0.7537389  0.75855981 0.76874148 0.77455714
 0.77525818 0.77623302 0.77717713 0.77759471 0.77912113 0.77923333
 0.77927119 0.77934477 0.78028701 0.78099313 0.78140734 0.78392632
 0.78425402 0.78726099 0.78877234 0.79345346 0.79624   ]
ngchain_sorted = [0.74556574 0.74606255 0.74663593 0.7468442  0.74703862 0.74886197
 0.74943776 0.75034137 0.7537389  0.75855981 0.76874148 0.77455714
 0.77525818 0.77623302 0.77717713 0.77759471 0.77912113 0.77923333
 0.77927119 0.77934477 0.78028701 0.78099313 0.78140734 0.78392632
 0.78425402 0.78726099 0.78877234 0.79345346 0.79624   ]
current_best = [99.55316810021193, 174.4188150927451, 171.563512395937, 173.8736988455484, 180.0, 132.77075705892997, 180.0, 176.8281178222592, 101.10006773686224, 100.59154915457496]
current_best_val = 0.7344315442825922
