de_sorted = [0.65855683 0.65856894 0.65857077 0.65857259 0.65857825 0.65859033
 0.65859379 0.65859385 0.65860453 0.65860637 0.65860921 0.65861466
 0.65861822 0.65861826 0.65862593 0.65862698 0.65863063 0.65863798
 0.65863845 0.65863882 0.65863937 0.65864454 0.65864485 0.65865236
 0.6586581  0.65865928 0.65868581 0.66074358 0.66161105]
steep_sorted = [0.73131085 0.74793498 0.75416977 0.75605245 0.76442607 0.76704406
 0.76812602 0.77454583 0.7818794  0.78512545 0.78663234 0.78871103
 0.79890308 0.80125289 0.80859808 0.80909633 0.8091921  0.81428274
 0.81448114 0.81538708 0.81899261 0.82328446 0.82407945 0.84667752
 0.85449734 0.86471363 0.86688334 0.88444785 0.92271248]
bfgs_sorted = [0.65850042 0.6585269  0.65855716 0.65862979 0.65863113 0.65863401
 0.65866125 0.65872288 0.65873253 0.65875543 0.65876275 0.65880333
 0.65882735 0.65884565 0.658867   0.65887609 0.65887952 0.65888455
 0.65889184 0.65896139 0.65899402 0.65903273 0.6590422  0.65909906
 0.65912336 0.65918661 0.65919217 0.65922389 0.65927446]
chain_sorted = [0.65849785 0.65851362 0.65852572 0.65855166 0.65857472 0.65858861
 0.65858898 0.65859655 0.65859675 0.65860577 0.65860938 0.65861926
 0.65862478 0.65864631 0.65865116 0.65865742 0.65866084 0.65866506
 0.65866695 0.65867711 0.65869084 0.65871501 0.65871899 0.65872141
 0.65872683 0.65874231 0.65902236 0.65919676 0.65927115]
ngchain_sorted = [0.65849785 0.65851362 0.65852572 0.65855166 0.65857472 0.65858861
 0.65858898 0.65859655 0.65859675 0.65860577 0.65860938 0.65861926
 0.65862478 0.65864631 0.65865116 0.65865742 0.65866084 0.65866506
 0.65866695 0.65867711 0.65869084 0.65871501 0.65871899 0.65872141
 0.65872683 0.65874231 0.65902236 0.65919676 0.65927115]
current_best = [77.88869780946983, 92.0715875009626, 179.41692558391134, 102.89085948644575, 104.16221626436963, 121.12963496246657, 92.00713308904767, 125.45026562608736, 93.11029087352206, 100.66912896679148]
current_best_val = 0.6584268603618643
