de_sorted = [0.54228003 0.54408888 0.54679038 0.56213889 0.56314483 0.56622722
 0.5663606  0.56724982 0.56765033 0.56809834 0.57164364 0.57287648
 0.57463379 0.57826556 0.57885506 0.57966203 0.57989219 0.5810887
 0.58143522 0.58167431 0.590308   0.59093248 0.59271797 0.59847985
 0.60798023 0.61092149 0.6134368  0.61594822 0.61692554]
steep_sorted = [0.64502059 0.65928033 0.68688082 0.71350675 0.7173648  0.71746411
 0.72375947 0.72450127 0.7263438  0.73401725 0.73731399 0.74136459
 0.74811728 0.75425969 0.75510848 0.76202963 0.76246668 0.76252892
 0.7681917  0.77690386 0.78356391 0.78846229 0.78988414 0.79824589
 0.79891382 0.80357072 0.81788858 0.8498249  0.85318458]
bfgs_sorted = [0.40325583 0.42233572 0.42515568 0.42617715 0.42806228 0.42891556
 0.43053904 0.43108373 0.4311842  0.43421323 0.43462823 0.43902879
 0.44070342 0.44191959 0.44474479 0.44496743 0.44614816 0.44890177
 0.45202716 0.45820682 0.45838716 0.45985553 0.46236634 0.46427657
 0.46460137 0.47460206 0.4791228  0.48164779 0.48838487]
chain_sorted = [0.40325583 0.42233572 0.42515568 0.42617715 0.42806228 0.42891556
 0.43053904 0.43108373 0.4311842  0.43421323 0.43462823 0.43902879
 0.44070342 0.44191959 0.44474479 0.44496743 0.44614816 0.44890177
 0.45202716 0.45820682 0.45838716 0.45985553 0.46236634 0.46427657
 0.46460137 0.47460206 0.4791228  0.48164779 0.48838487]
ngchain_sorted = [0.40325583 0.42233572 0.42515568 0.42617715 0.42806228 0.42891556
 0.43053904 0.43108373 0.4311842  0.43421323 0.43462823 0.43902879
 0.44070342 0.44191959 0.44474479 0.44496743 0.44614816 0.44890177
 0.45202716 0.45820682 0.45838716 0.45985553 0.46236634 0.46427657
 0.46460137 0.47460206 0.4791228  0.48164779 0.48838487]
current_best = [69.03682164436385, 84.17707825116543, 65.71750836687036, 78.48214168357148, 63.46364926944456, 80.10892120774245, 68.13083507313556, 87.74866021784347, 81.83795105191169, 116.07760301483216, 83.48143517575976, 96.14701002857895, 80.34161364592967, 108.94051101349886, 91.12169783052083, 100.14881751045407, 80.20409045435332, 105.87237959379307, 88.07223127998195, 103.86544982458338]
current_best_val = 0.39037060115580696
