de_sorted = [0.59410788 0.59410923 0.59412006 0.59412382 0.59414126 0.59414341
 0.59414449 0.5941463  0.59415637 0.59415675 0.59415997 0.59416294
 0.59416749 0.59417551 0.5942036  0.59421249 0.59422012 0.59422129
 0.59422442 0.59424404 0.5942552  0.59425664 0.59425771 0.59425937
 0.59427417 0.59427938 0.59428969 0.59896411 0.59904957]
steep_sorted = [0.6783502  0.68325521 0.68393248 0.70099258 0.76352575 0.76463334
 0.77077879 0.777465   0.77956739 0.78141481 0.78438693 0.78550387
 0.79179683 0.79701027 0.79929582 0.83353905 0.84670087 0.84998831
 0.8524272  0.85498175 0.86031717 0.87231501 0.87259528 0.87451905
 0.87758604 0.89924015 0.90189611 0.90694648 0.91304358]
bfgs_sorted = [0.59412377 0.59413048 0.59415695 0.59417531 0.59420082 0.5942025
 0.59423373 0.59424419 0.59427044 0.594283   0.59436474 0.59438629
 0.59439394 0.59444123 0.59457049 0.59457735 0.59457886 0.59458098
 0.59462235 0.59464009 0.59471238 0.59472831 0.59493505 0.59545295
 0.59553308 0.5962287  0.59677246 0.59798926 0.59909671]
chain_sorted = [0.59413311 0.59413328 0.59414021 0.59416011 0.59416803 0.59421491
 0.59421572 0.59422505 0.5942431  0.59424644 0.59426875 0.59428118
 0.59429599 0.59429761 0.59436984 0.59439096 0.59439113 0.59443834
 0.59456316 0.59457716 0.59458654 0.5945912  0.59459367 0.59462901
 0.59464331 0.59472194 0.59473237 0.59493638 0.59910024]
ngchain_sorted = [0.59413311 0.59413328 0.59414021 0.59416011 0.59416803 0.59421491
 0.59421572 0.59422505 0.5942431  0.59424644 0.59426875 0.59428118
 0.59429599 0.59429761 0.59436984 0.59439096 0.59439113 0.59443834
 0.59456316 0.59457716 0.59458654 0.5945912  0.59459367 0.59462901
 0.59464331 0.59472194 0.59473237 0.59493638 0.59910024]
current_best = [72.58317865020341, 89.3188971054356, 73.93377307716896, 94.02434611247031, 127.57028201677394, 94.37883195387215, 74.63518736152126, 89.9396431840352, 74.75899621997574, 92.24305820264645]
current_best_val = 0.5938732502499469
