de_sorted = [0.10782904 0.11640492 0.11790075 0.1179086  0.12004442 0.12274011
 0.12360547 0.12395107 0.12419567 0.12426108 0.12496478 0.12552964
 0.12822796 0.12955583 0.12968716 0.12994358 0.13032765 0.13057264
 0.13127936 0.13169775 0.13294695 0.13317566 0.13377365 0.1361165
 0.13652986 0.13886066 0.14013488 0.14253019 0.14620425]
steep_sorted = [0.2960016  0.29878615 0.3097619  0.31456534 0.31531334 0.31616294
 0.31815108 0.32433792 0.32567065 0.32746895 0.32936603 0.33878205
 0.33938903 0.34081346 0.34337201 0.34939797 0.35081644 0.35377573
 0.35630009 0.35940329 0.36604687 0.37199085 0.37382819 0.37594852
 0.3788543  0.38394647 0.403293   0.40689211 0.40996779]
bfgs_sorted = [0.11548409 0.12407225 0.12480551 0.12509209 0.12789629 0.13188026
 0.13366429 0.13388437 0.13818643 0.13847117 0.13966699 0.14111494
 0.14178943 0.14212814 0.14624069 0.14961573 0.15049217 0.15079128
 0.15257599 0.15303072 0.15390993 0.15584826 0.15672692 0.15786908
 0.16265636 0.16271699 0.16488895 0.16507442 0.16896763]
chain_sorted = [0.11552906 0.11946496 0.12124012 0.12409071 0.12486544 0.12507321
 0.125663   0.12797681 0.12978519 0.13184473 0.13191357 0.13359141
 0.13391049 0.13616503 0.13653912 0.13809383 0.13814372 0.13848409
 0.13909829 0.13984765 0.14003534 0.14118598 0.14203305 0.14258846
 0.14476506 0.14628804 0.14984427 0.1558861  0.1568214 ]
ngchain_sorted = [0.11552906 0.11946496 0.12124012 0.12409071 0.12486544 0.12507321
 0.125663   0.12797681 0.12978519 0.13184473 0.13191357 0.13359141
 0.13391049 0.13616503 0.13653912 0.13809383 0.13814372 0.13848409
 0.13909829 0.13984765 0.14003534 0.14118598 0.14203305 0.14258846
 0.14476506 0.14628804 0.14984427 0.1558861  0.1568214 ]
current_best = [105.84876698086903, 102.22558427215097, 109.43496727017182, 107.75554653788888, 99.85088601658374, 106.96272119168219, 142.1528875432146, 111.21262209820337, 76.65968902908658, 119.04569171376224, 90.19421420558639, 77.05200898976474, 84.69028072384641, 85.2747227263775, 101.7104074829963, 121.40163107044444, 56.738683871396205, 114.80125085253671, 67.79290182976702, 115.13186093951767, 83.07554945143646, 104.56680910629997, 65.78801117750962, 80.21257849011859, 64.95106780020467, 84.97380420577066, 76.11615936111892, 110.29348928944927, 72.32658854648665, 105.38699755459524, 83.7189619276183, 112.67349059772535, 111.70087093313987, 87.79670474042119, 109.56263940136209, 118.10569867870377, 77.54411920769357, 119.11537894430083, 126.05272472500758, 91.23382707317016, 65.08593361686695, 67.45507605085584, 71.39862702567184, 100.36989097532596, 75.40861355888711, 97.48702000340478, 86.53228483131996, 71.80925886732409, 178.1186034939901, 94.69516268847146, 74.41616411473555, 82.70384403140706, 86.42366838117961, 77.98972510063079, 88.56453132983464, 88.95974422638793, 122.25101006528287, 131.44825614443792, 86.91464025050031, 141.60459369253948, 83.74508220090561, 113.7645189345237, 125.64874350903244, 142.12770801947264, 116.80652053241211, 104.405769211085, 85.88638214319595, 67.42433336776506, 41.61649279019348, 80.65943783046832, 72.13619063760432, 87.94759207874023, 65.0785509230128, 68.10234213180868, 66.41621973634548, 98.31803982376789, 154.75891702953686, 88.89775578759212, 69.13661475199154, 81.49473672343007, 43.822047390479106, 72.051573670074, 76.0785789876784, 62.538782626417444, 81.89183638535935, 55.199836401881846, 93.12725378792385, 139.8905617631233, 117.44424933852979, 114.22063408760759, 125.06616983847525, 95.29517693011842, 132.5618425301255, 124.06572980537618, 123.71016166697557, 101.30504475577318, 145.22472590995667, 105.67080500353926, 80.03489864948166, 99.78715535461644]
current_best_val = 0.07889763949899184
