de_sorted = [0.7450134  0.74544591 0.74589373 0.74594504 0.74613499 0.74663588
 0.74713102 0.74714287 0.74717374 0.74753573 0.75529176 0.75922045
 0.75943942 0.76009087 0.77121667 0.776591   0.77911856 0.77930221
 0.77937121 0.77944817 0.77948919 0.77951922 0.7795633  0.77957324
 0.77957962 0.77958631 0.77962765 0.77965803 0.77973693]
steep_sorted = [0.77275628 0.79559445 0.79652045 0.79769807 0.80776343 0.80796969
 0.82030008 0.82203243 0.82342898 0.82896898 0.83650418 0.83755627
 0.84035684 0.84677021 0.84848928 0.84865742 0.85120454 0.85609224
 0.85723753 0.86064609 0.86165186 0.86565104 0.86861826 0.86949481
 0.86967106 0.88994085 0.90896234 0.91637213 0.91676912]
bfgs_sorted = [0.74298917 0.74588703 0.74704138 0.74750379 0.7500861  0.7518944
 0.7522352  0.7661664  0.77662044 0.77701517 0.77732439 0.77746112
 0.77837476 0.77858285 0.77883835 0.77896208 0.77897938 0.77917709
 0.77920608 0.77959461 0.77963437 0.77995725 0.77999748 0.78003539
 0.7804643  0.78150386 0.78312784 0.78810805 0.78981116]
chain_sorted = [0.74298155 0.74590173 0.74604094 0.74608334 0.74686758 0.74690178
 0.74704628 0.74751204 0.75010217 0.75189134 0.75222714 0.7764236
 0.7766202  0.77701568 0.77837486 0.77858022 0.77883916 0.77895869
 0.77920731 0.77959258 0.77959979 0.77991965 0.77995723 0.77999693
 0.78003326 0.78046972 0.78312389 0.78810174 0.78981123]
ngchain_sorted = [0.74298155 0.74590173 0.74604094 0.74608334 0.74686758 0.74690178
 0.74704628 0.74751204 0.75010217 0.75189134 0.75222714 0.7764236
 0.7766202  0.77701568 0.77837486 0.77858022 0.77883916 0.77895869
 0.77920731 0.77959258 0.77959979 0.77991965 0.77995723 0.77999693
 0.78003326 0.78046972 0.78312389 0.78810174 0.78981123]
current_best = [106.9933456589923, 179.56907423258335, 174.49494234022873, 174.87658140728414, 133.21200062913314, 162.0181350701624, 137.55695226407957, 109.89942384731299, 82.72554080693793, 114.43297117059144]
current_best_val = 0.7339057165797617
