de_sorted = [0.61759579 0.62128338 0.62327831 0.62336707 0.62419332 0.62467042
 0.62481723 0.62536946 0.62588659 0.62655885 0.62667117 0.62721499
 0.62760372 0.62905493 0.62908992 0.62915163 0.63224471 0.63245352
 0.63366522 0.63377315 0.63414591 0.63449958 0.6351552  0.63582312
 0.63613775 0.63771664 0.63882504 0.64282181 0.64338894]
steep_sorted = [0.70310945 0.70798647 0.71319433 0.71932938 0.7311625  0.73378297
 0.73440401 0.73923841 0.74214029 0.75688719 0.75794529 0.75938757
 0.7650647  0.76551132 0.77875616 0.78193465 0.78232631 0.78463181
 0.788162   0.78826474 0.79561901 0.79815566 0.80168141 0.80489957
 0.81433322 0.82340056 0.83406184 0.84238239 0.88475073]
bfgs_sorted = [0.60588239 0.60770075 0.61328252 0.61425064 0.61666763 0.61689615
 0.61788414 0.61862757 0.62013324 0.62037638 0.62221896 0.62294883
 0.62527288 0.62544746 0.62567854 0.62662842 0.62670531 0.62719702
 0.62816997 0.62819485 0.62832316 0.62973776 0.62992756 0.6301608
 0.6316331  0.63455695 0.65673593 0.66017646 0.67939282]
chain_sorted = [0.60588433 0.60770208 0.61328369 0.61420937 0.61666763 0.61689781
 0.61788414 0.61859624 0.62012979 0.62037116 0.62221599 0.62295017
 0.62525132 0.62544413 0.62567952 0.62662842 0.62670693 0.62719845
 0.62817103 0.62819642 0.62826806 0.62830842 0.62966892 0.62992756
 0.63016262 0.63455734 0.64568928 0.64572612 0.65114116]
ngchain_sorted = [0.60588433 0.60770208 0.61328369 0.61420937 0.61666763 0.61689781
 0.61788414 0.61859624 0.62012979 0.62037116 0.62221599 0.62295017
 0.62525132 0.62544413 0.62567952 0.62662842 0.62670693 0.62719845
 0.62817103 0.62819642 0.62826806 0.62830842 0.62966892 0.62992756
 0.63016262 0.63455734 0.64568928 0.64572612 0.65114116]
current_best = [88.40405214811338, 99.50177143383107, 71.21384090238926, 122.48733902244491, 138.6426929861112, 153.32917911576635, 179.39693929883924, 179.85404848072127, 179.07727089342842, 176.38129876694808, 171.25297865578642, 128.44731513162043, 169.3539610687537, 111.10584260249226, 150.9975163035633, 109.4765005464696, 146.37578856290932, 115.37951811580257, 159.62314371779217, 131.06683999000606]
current_best_val = 0.599126468916693
