de_sorted = [0.28054002 0.28427298 0.29292044 0.29430417 0.29441159 0.29773212
 0.29833754 0.29892324 0.29907635 0.30244336 0.30411578 0.30412385
 0.30438942 0.30471157 0.30495968 0.30575356 0.30681985 0.31049535
 0.31146398 0.312183   0.31467615 0.31606791 0.31694859 0.31783
 0.31914914 0.32279399 0.32640433 0.32738147 0.33013604]
steep_sorted = [0.3699789  0.38828857 0.38871949 0.39301616 0.40630009 0.41133693
 0.41254299 0.41661882 0.42120031 0.42162793 0.4263561  0.43320836
 0.43417331 0.43463888 0.43639165 0.43700918 0.44354672 0.44631947
 0.44922501 0.45057796 0.45105462 0.45228425 0.45411272 0.46062114
 0.46288188 0.46366577 0.49591946 0.49804195 0.5094357 ]
bfgs_sorted = [0.3050537  0.31401389 0.32621887 0.32887427 0.32926908 0.33150719
 0.33362956 0.33491672 0.33677273 0.33696288 0.34180857 0.34198034
 0.34284429 0.34372767 0.34385515 0.34414616 0.34642829 0.34673129
 0.34857274 0.34907475 0.35032352 0.35063336 0.35152225 0.3518119
 0.35300574 0.35326115 0.35399638 0.35416743 0.36377708]
chain_sorted = [0.29747079 0.3050537  0.30906856 0.31192572 0.31198291 0.31401389
 0.31458582 0.3154868  0.31675298 0.31858932 0.32046142 0.3218083
 0.32199329 0.32320463 0.32552247 0.32621887 0.32900174 0.3298982
 0.33080691 0.33086924 0.33103155 0.33362956 0.33410378 0.33487358
 0.33491672 0.33561919 0.33641206 0.34212879 0.35787871]
ngchain_sorted = [0.29747079 0.3050537  0.30906856 0.31192572 0.31198291 0.31401389
 0.31458582 0.3154868  0.31675298 0.31858932 0.32046142 0.3218083
 0.32199329 0.32320463 0.32552247 0.32621887 0.32900174 0.3298982
 0.33080691 0.33086924 0.33103155 0.33362956 0.33410378 0.33487358
 0.33491672 0.33561919 0.33641206 0.34212879 0.35787871]
current_best = [173.37024422896275, 174.98409087508625, 164.89165715134547, 177.8194764704996, 130.31295581184747, 128.48679814675893, 164.2671629456565, 156.06800856475544, 137.28155107895225, 146.09997592602133, 148.63529063231402, 140.18834554532842, 151.56565521253802, 119.00420559558582, 139.01642958229246, 136.68787483783558, 142.35401504631525, 145.39730872658998, 138.47047248849816, 134.53957489777076, 133.42093379248422, 94.84124397674675, 94.47753379290222, 132.29982602557124, 156.24090583996866, 148.0634599783513, 154.32102183825546, 100.0004166143838, 79.88265046046993, 109.17216757772528, 151.81767178755314, 178.32532976067913, 169.72431697918702, 153.835954778834, 148.82031455835343, 106.53767599980434, 84.24645013127075, 88.79205471279535, 128.67486001338347, 167.35980949025117, 161.70598484178802, 141.62005619368753, 109.12269897228785, 84.48816286252647, 86.88505670027814, 100.25496603014155, 143.11859451687948, 169.72643001710486, 159.48718632188474, 126.06773222132605, 127.52725924390364, 128.78721774144208, 126.0914718255674, 93.0044964659964, 78.179063467202, 85.31733017402067, 131.76191734185844, 151.13792389393822, 136.81368600779558, 93.94735840358693, 81.39749265046564, 87.1433423888772, 133.32523042750097, 154.52665433813365, 158.21535538907082, 133.36590841600253, 91.86822647628, 82.25879033665674, 88.34151597599185, 99.15974103617178, 138.0519336972088, 158.35980719103557, 141.33178178891973, 129.85327378756273, 97.85876991895927, 86.3920092761621, 94.85338480228775, 91.57939429518943, 130.67779798179865, 90.47301688841651, 81.89468093288289, 78.70159712210813, 96.97680583231158, 86.06628863948379, 66.81890231254846, 76.62640404214659, 72.621126184015, 75.89559465953579, 68.91978849323439, 70.0236598171634, 87.0715904843258, 67.62700618614063, 101.84434227332471, 105.23713221535596, 83.78381363867751, 99.27324990816808, 106.07131579316692, 79.1080336911262, 88.77638222832437, 93.67523916979722]
current_best_val = 0.22861952590739043
