de_sorted = [0.25665283 0.30521081 0.31577296 0.31585597 0.31690506 0.31734433
 0.31979511 0.32008616 0.32557253 0.32564721 0.32760815 0.3332519
 0.33417902 0.33918204 0.33957268 0.34991033 0.35091309 0.35305806
 0.35638266 0.36365605 0.36430938 0.37233855 0.3729764  0.37978819
 0.38669778 0.38813453 0.39549059 0.4101497  0.46141062]
steep_sorted = [0.2970062  0.30838022 0.32172662 0.32431892 0.3270021  0.3380535
 0.34381297 0.3460133  0.36674827 0.37895105 0.38013819 0.38701612
 0.39308594 0.39538694 0.40100454 0.4121543  0.4154862  0.4155673
 0.41820827 0.42285501 0.4295145  0.4302561  0.43272398 0.4408937
 0.4428559  0.4445433  0.46449877 0.4652412  0.52224476]
bfgs_sorted = [0.21223464 0.22073601 0.24076409 0.25121788 0.26644898 0.26803361
 0.2691112  0.26975949 0.27217583 0.27674436 0.27845077 0.27944428
 0.28154436 0.2820531  0.28434977 0.28634679 0.28907462 0.29335074
 0.29379175 0.29433406 0.29447266 0.30269284 0.30446452 0.31211718
 0.3171633  0.32437499 0.35750793 0.37309662 0.38942485]
chain_sorted = [0.27855085 0.27936638 0.28009602 0.28603009 0.28622786 0.28735288
 0.29066767 0.29206812 0.29939458 0.29988871 0.30300908 0.31686552
 0.31994701 0.32846284 0.32933101 0.32951191 0.33633062 0.33745003
 0.3388155  0.34238352 0.34317416 0.34331817 0.34628834 0.35120888
 0.35311279 0.36109178 0.36203929 0.37260341 0.38942279]
ngchain_sorted = [0.27855085 0.27936638 0.28009602 0.28603009 0.28622786 0.28735288
 0.29066767 0.29206812 0.29939458 0.29988871 0.30300908 0.31686552
 0.31994701 0.32846284 0.32933101 0.32951191 0.33633062 0.33745003
 0.3388155  0.34238352 0.34317416 0.34331817 0.34628834 0.35120888
 0.35311279 0.36109178 0.36203929 0.37260341 0.38942279]
current_best = [76.57486873334568, 122.99755382996878, 135.94821088192316, 117.5738707441551, 117.60702923602729, 140.12132666724145, 92.39811514242685, 103.15722328841835, 126.22668653537252, 116.95055609012712, 123.58958860882449, 131.86452828823246, 122.61183464969776, 109.90396439639142, 113.79412581365094, 134.31274637205544, 89.74863845582517, 100.59930443236931, 47.110718944066605, 90.54522604424305, 73.45233210177396, 117.00642871411416, 68.67282161551454, 110.8051563765398, 151.95850103940373, 130.27970643441878, 108.90272462230949, 58.744237774583254, 87.40698143060249, 70.63229157628963, 76.63293253235841, 75.38168620290884, 68.6403543202321, 121.813227662521, 77.26136680236904, 115.84071601792886, 72.431494451897, 120.78426817575291, 140.7263181797281, 107.13190711123295, 138.632799975421, 91.43481982165332, 87.43930447647267, 121.61540567429891, 86.85059633228532, 118.10523714306164, 137.3967463378367, 103.28273133295207, 83.7632460142909, 95.10650682634156, 87.64398365935483, 114.64342639658311, 116.84648235228134, 104.16002716816534, 96.5943984068405, 91.7498550100784, 90.63178597139596, 103.2026802387013, 95.7154059107978, 97.95388028654484, 117.61255947026889, 90.32665224310433, 60.46968767703838, 116.34305593020996, 138.23742847003246, 78.48684260684435, 67.27078798723639, 83.50140437369147, 145.83621909669546, 96.67632357054812, 65.43417254057192, 75.81977731590682, 77.11506438509431, 58.38597781334078, 71.46282376483532, 63.04863285180424, 100.8850385416818, 123.95119201408565, 85.68599244578543, 98.11231131970457, 71.52561895316441, 72.57128851388238, 82.38423485515027, 78.7129305304274, 141.08661163161696, 78.27063203179416, 67.34455045446771, 98.6642853887482, 83.8179794253634, 83.66534309446166, 55.946353433045935, 61.68825606705807, 74.94318104659307, 78.8115883705982, 80.07166916876669, 81.94294577095299, 54.76947884217642, 107.11579268302187, 72.0839930749685, 87.8179820669689]
current_best_val = 0.11109556291070735
