de_sorted = [0.4139557  0.41552534 0.41583646 0.41630203 0.4163274  0.41685664
 0.41755358 0.41880448 0.41932929 0.41995562 0.42074129 0.42085786
 0.42186001 0.42205087 0.42260828 0.42316903 0.42321718 0.42383295
 0.42463112 0.42576731 0.42668746 0.42809286 0.42898135 0.43299998
 0.43642527 0.4400791  0.44625691 0.44884544 0.4491934 ]
steep_sorted = [0.61322964 0.65625051 0.68293153 0.70183544 0.70689519 0.71425446
 0.72430267 0.72591719 0.72736447 0.72818574 0.73805263 0.74159175
 0.75930986 0.76037994 0.76955804 0.77367148 0.77455513 0.77508655
 0.78095183 0.78287091 0.78615524 0.79345184 0.80469256 0.80607989
 0.81236994 0.81476944 0.81594356 0.82929969 0.88064091]
bfgs_sorted = [0.39243296 0.39383301 0.39454506 0.39502869 0.39764121 0.40236579
 0.40335841 0.40484346 0.40639327 0.40743071 0.40843069 0.41203423
 0.4150977  0.41637604 0.41852548 0.42153996 0.42221795 0.42304327
 0.42310247 0.42683452 0.42736417 0.4293832  0.42947487 0.43044579
 0.43579575 0.43970103 0.44426502 0.46151707 0.46577681]
chain_sorted = [0.39244492 0.39383894 0.39453052 0.39504416 0.39770755 0.40238829
 0.40334859 0.40489393 0.40635748 0.40749273 0.40843565 0.41205683
 0.41450609 0.41512507 0.41641715 0.4185643  0.42156937 0.42221586
 0.42307329 0.42688983 0.42739408 0.42938178 0.42951501 0.43044779
 0.43584155 0.4397318  0.44274988 0.44426676 0.45473804]
ngchain_sorted = [0.39244492 0.39383894 0.39453052 0.39504416 0.39770755 0.40238829
 0.40334859 0.40489393 0.40635748 0.40749273 0.40843565 0.41205683
 0.41450609 0.41512507 0.41641715 0.4185643  0.42156937 0.42221586
 0.42307329 0.42688983 0.42739408 0.42938178 0.42951501 0.43044779
 0.43584155 0.4397318  0.44274988 0.44426676 0.45473804]
current_best = [68.86843302012615, 83.12339126511736, 66.51389105015716, 77.90122079828136, 63.72626189064224, 78.90937456879554, 68.97628027667902, 88.67852990718315, 80.854346254747, 115.76331081693662, 83.8810604329135, 95.09494339225681, 81.01528819227921, 109.75438384765243, 89.88088025211438, 100.5418064062143, 80.78652304061654, 103.71108233779216, 89.28256125406985, 101.46644671308964]
current_best_val = 0.39022429264093794
