de_sorted = [0.09425599 0.10147123 0.10221699 0.10299207 0.10353679 0.10380924
 0.10578682 0.10677653 0.108128   0.10850147 0.11102524 0.11367169
 0.1136922  0.1143552  0.11782848 0.11835982 0.11894212 0.11951357
 0.11965212 0.1242329  0.12432678 0.12545242 0.12702772 0.13263368
 0.13271445 0.135006   0.13688067 0.14108823 0.14284986]
steep_sorted = [0.31262113 0.32472145 0.33318717 0.35105822 0.35401064 0.35854691
 0.3588227  0.36268245 0.36302473 0.36783952 0.36810136 0.3699429
 0.3756201  0.38166193 0.38449673 0.38858754 0.39205451 0.40202908
 0.40996481 0.41056221 0.4129606  0.41545423 0.41814462 0.4294272
 0.44543995 0.4478907  0.45080071 0.45714713 0.49952122]
bfgs_sorted = [0.06689855 0.07580426 0.07772637 0.07844145 0.08072179 0.08353823
 0.08433823 0.0850253  0.08756891 0.08798716 0.09199214 0.09413601
 0.09429384 0.09557032 0.09809409 0.0996729  0.10163098 0.10210423
 0.1033857  0.10652627 0.1118305  0.11392625 0.11568269 0.119385
 0.11997156 0.12057517 0.12150486 0.13181737 0.13425008]
chain_sorted = [0.06688243 0.07576079 0.07772547 0.07848926 0.08075165 0.08355314
 0.08434064 0.0850551  0.08757741 0.08797162 0.09204296 0.0941159
 0.09426738 0.09553351 0.09807231 0.09976297 0.1016591  0.1021425
 0.1033763  0.10655942 0.11177825 0.11393241 0.11568167 0.11938731
 0.11997896 0.1204597  0.1214861  0.13179218 0.13432973]
ngchain_sorted = [0.06688243 0.07576079 0.07772547 0.07848926 0.08075165 0.08355314
 0.08434064 0.0850551  0.08757741 0.08797162 0.09204296 0.0941159
 0.09426738 0.09553351 0.09807231 0.09976297 0.1016591  0.1021425
 0.1033763  0.10655942 0.11177825 0.11393241 0.11568167 0.11938731
 0.11997896 0.1204597  0.1214861  0.13179218 0.13432973]
current_best = [75.01995306742322, 93.04901642732644, 65.41026893664703, 95.31999429298067, 98.32001740179484, 55.73316246584646, 90.722598020509, 103.69741598325496, 88.74340243982255, 112.97398103508966, 73.29488445629362, 73.18732889506583, 109.84788746669251, 79.77183416544217, 50.18828479907237, 61.85764940931729, 124.24307218108441, 55.863534239023856, 108.47630414196905, 87.88883973909317, 109.99175731205041, 87.2373336128243, 96.49600586881287, 177.46904665319062, 97.67251547370526, 75.99565933441772, 88.55855354585798, 99.73045752525366, 96.23512223280872, 111.12560646551096, 99.62018947334235, 114.85735740926184, 75.61406168444869, 97.22329173984035, 95.53087165084796, 71.99594453186839, 123.67634361897646, 93.59745923784739, 89.79564303720063, 79.26637859509809, 90.51213074640651, 89.00407795336506, 123.5821771540965, 90.79659659099352, 96.93032511042566, 122.57963844227241, 75.37092818508866, 77.00096721789613, 78.81662740123153, 68.3543644182875, 141.85803446829573, 98.39821131628688, 42.15489301070155, 69.19555941346363, 84.12800933770589, 69.88596348431439, 93.91974579873917, 82.58946010581468, 88.14253173458413, 78.45672350118312, 61.05596357230098, 52.779049128115204, 75.52335076582831, 99.17099770702272, 63.35464379618652, 88.55642025488946, 64.76583818388092, 103.50066773883304, 71.3985962987866, 69.49539253273059, 58.68047089269103, 105.0370540987437, 66.80051687219681, 95.64961745876282, 138.9517333765728, 107.88744115380467, 83.41496249394247, 104.83834797024974, 104.23363339356334, 77.96618941912307, 55.763657163397845, 76.37779811691892, 83.82103222176602, 62.66439000234525, 52.06465682654324, 81.23168559638623, 61.48867166710294, 77.23795604478448, 65.61710543021323, 66.99669745592686, 57.752720014410485, 78.7817636320446, 74.11508555669215, 68.2872314235152, 58.81800952726323, 91.15645772327616, 57.24416867810962, 76.1773988876676, 77.68266940492433, 71.2331451665785]
current_best_val = 0.055548814257653276
