de_sorted = [0.05419697 0.06244001 0.06253472 0.06445601 0.06743061 0.06880404
 0.06902998 0.06921459 0.06951302 0.06973929 0.06999593 0.07035604
 0.0705186  0.07093487 0.07134097 0.07276981 0.07302107 0.0733738
 0.07428736 0.0746433  0.07599219 0.07907021 0.08034545 0.08067574
 0.08597409 0.088546   0.08942553 0.09184785 0.10087622]
steep_sorted = [0.30417855 0.30570161 0.33968103 0.34507706 0.34615809 0.35198029
 0.36051535 0.36158882 0.36412771 0.37282814 0.37715227 0.38069828
 0.38094087 0.38168452 0.38359148 0.38989269 0.39484247 0.39552837
 0.40263143 0.40830421 0.41369654 0.41663707 0.41835631 0.42607688
 0.43997903 0.4470655  0.45074081 0.45726704 0.49665935]
bfgs_sorted = [0.02574878 0.02785711 0.02978297 0.03156286 0.03230502 0.03431607
 0.03479797 0.03610249 0.03646997 0.03703039 0.03753333 0.03783442
 0.03880245 0.03881526 0.03909877 0.03962856 0.03968911 0.04014373
 0.04020869 0.04096514 0.04163133 0.04187428 0.04218633 0.04282888
 0.04293095 0.04381611 0.04436808 0.04622175 0.05132945]
chain_sorted = [0.02575499 0.02786225 0.02978507 0.03156067 0.03229289 0.0343135
 0.03480642 0.0360886  0.03647019 0.03703178 0.03753097 0.03783892
 0.03875309 0.03880962 0.03912378 0.0396312  0.03968902 0.04014211
 0.04021518 0.0409813  0.04162962 0.04190866 0.04218889 0.04281045
 0.04293779 0.04380547 0.04442046 0.04622058 0.05132697]
ngchain_sorted = [0.02575499 0.02786225 0.02978507 0.03156067 0.03229289 0.0343135
 0.03480642 0.0360886  0.03647019 0.03703178 0.03753097 0.03783892
 0.03875309 0.03880962 0.03912378 0.0396312  0.03968902 0.04014211
 0.04021518 0.0409813  0.04162962 0.04190866 0.04218889 0.04281045
 0.04293779 0.04380547 0.04442046 0.04622058 0.05132697]
current_best = [74.99682085532862, 81.03396551857205, 112.26022137241335, 109.26364312169255, 74.24642914728655, 130.68282020234014, 101.69767317196508, 91.35309959999924, 75.03881800590575, 104.84882625045918, 117.24224251564368, 96.4522584728088, 80.73758158218514, 102.87302751434714, 86.67358829051125, 121.83499733385119, 75.072874551531, 106.2509204200331, 113.26525683239157, 122.03972823200557, 72.9200817221316, 96.47322980085859, 94.43645100362427, 87.11187082849938, 76.28361265500625, 79.58349023587999, 72.88462328732096, 42.277189206315185, 58.2967256058891, 87.24978466981283, 95.22247954158024, 71.66755800282615, 97.157530274761, 81.25738246730785, 81.43754605459907, 71.39247022861332, 66.77459273778733, 87.12828116260982, 64.17995017704067, 91.4237022644783, 80.64740559833433, 105.60274624726516, 50.6854542339141, 82.6826975773079, 62.31480112964872, 93.61493170527775, 72.85075138978769, 91.08318462388317, 77.59047682175299, 98.08672653536449, 75.15369932458759, 110.1164994816068, 73.22066297784139, 107.73855441514021, 91.91699855281533, 82.64178784708257, 76.09927838550104, 99.39857987702601, 63.36361041280076, 87.6487571284884, 95.97036209069846, 109.03777621036284, 60.94440208788368, 101.72012636237002, 125.05972642463048, 83.21126573505637, 76.2783783425057, 77.28080516588918, 69.01602133312063, 90.57521277431664, 72.60166422629477, 92.3260358367017, 95.53537719310114, 89.34582733151102, 50.402680810409485, 111.25262241359223, 146.45235053379943, 87.66662491150551, 66.39414727345964, 68.67373395316174, 69.66233263497222, 79.82563218768661, 69.56784235533324, 56.35488196670239, 63.79782607901745, 76.72202325137444, 63.72566830455031, 77.40013871761951, 61.85209268194581, 80.00182121781553, 66.48860222269963, 67.5995885354304, 68.59589415408905, 73.10474950128652, 66.06509011278594, 62.473842656142914, 69.61281206934788, 80.36548247281785, 64.8584570141439, 91.30665516444111]
current_best_val = 0.025688227796993354
