de_sorted = [3.35026457e-05 3.63598955e-05 6.34719185e-05 7.40330168e-05
 1.10214954e-04 1.16072607e-04 1.17199353e-04 1.25511647e-04
 1.31908737e-04 1.37749906e-04 1.41286162e-04 1.60349517e-04
 1.82727963e-04 1.99641441e-04 2.03879218e-04 2.97972763e-04
 3.29316643e-04 4.65735207e-04 4.79377080e-04 5.23403095e-04
 5.32730515e-04 5.56420276e-04 5.67801186e-04 5.99557442e-04
 6.17117837e-04 9.54546321e-04 1.04827666e-03 1.29923901e-03
 1.60294501e-03]
steep_sorted = [0.02401538 0.0256072  0.0290558  0.03032541 0.03736426 0.0436419
 0.04377226 0.04519778 0.0462354  0.04637822 0.0544493  0.05906626
 0.06014896 0.0603975  0.0672991  0.06749633 0.06835507 0.06859806
 0.07198869 0.07298312 0.07627955 0.07846918 0.08253934 0.10034011
 0.10054399 0.11220645 0.11778489 0.12014745 0.15294499]
bfgs_sorted = [1.05026914e-08 1.05261874e-08 1.15481713e-08 1.18109698e-08
 1.19310207e-08 1.27838817e-08 1.34851292e-08 1.36599891e-08
 1.52467804e-08 1.56702042e-08 1.62193901e-08 1.63112901e-08
 1.77083471e-08 1.85368132e-08 1.85907798e-08 1.92285544e-08
 1.95897784e-08 2.03794371e-08 2.12355552e-08 2.21630849e-08
 2.24665504e-08 2.29275764e-08 2.31564102e-08 2.40991823e-08
 2.49974350e-08 2.62717709e-08 2.75734939e-08 2.83934136e-08
 5.58460928e-08]
chain_sorted = [1.05026914e-08 1.05261874e-08 1.15481713e-08 1.18109698e-08
 1.19310207e-08 1.27838817e-08 1.34851292e-08 1.36599891e-08
 1.52467804e-08 1.56702042e-08 1.62193901e-08 1.63112901e-08
 1.77083471e-08 1.85368132e-08 1.85907798e-08 1.92285544e-08
 1.95897784e-08 2.03794371e-08 2.12355552e-08 2.21630849e-08
 2.24665504e-08 2.29275764e-08 2.31564102e-08 2.40991823e-08
 2.49974350e-08 2.62717709e-08 2.75734939e-08 2.83934136e-08
 5.58460928e-08]
ngchain_sorted = [1.05026914e-08 1.05261874e-08 1.15481713e-08 1.18109698e-08
 1.19310207e-08 1.27838817e-08 1.34851292e-08 1.36599891e-08
 1.52467804e-08 1.56702042e-08 1.62193901e-08 1.63112901e-08
 1.77083471e-08 1.85368132e-08 1.85907798e-08 1.92285544e-08
 1.95897784e-08 2.03794371e-08 2.12355552e-08 2.21630849e-08
 2.24665504e-08 2.29275764e-08 2.31564102e-08 2.40991823e-08
 2.49974350e-08 2.62717709e-08 2.75734939e-08 2.83934136e-08
 5.58460928e-08]
current_best = [169.3288471239176, 79.75422692057377, 164.02445340794068, 90.80310760045464, 154.23539821347518, 77.5401077481128, 54.80512156543661, 73.5509809383067, 173.64396254693847, 72.79786871801534, 65.15636303967473, 179.52322509473723, 78.32223548814419, 60.43492322341588, 74.0928376502536, 179.7554088540826, 74.5883064332353, 67.27750926195294, 60.80743739556167, 65.6262540764247, 169.0129706853899, 86.72466128736905, 160.4730629562103, 74.9124241863808, 57.87496414630222, 69.43937956998187, 56.99489009602622, 77.79496816984562, 164.6510062744597, 84.9958542225408, 159.9907515338598, 79.42600001621786, 54.00195225944058, 78.15194076294271, 163.055351436502, 80.60286901944534, 53.68220418418044, 70.9801657230766, 172.14578939318912, 78.67220291602074, 168.36908204469773, 69.4207522861862, 54.601463971227275, 87.89913917926525, 153.91968955365743, 86.40826672759967, 47.008793056517426, 97.93160464286508, 151.51318364569607, 86.11139526108887, 158.60817740493394, 81.7903045671594, 60.44022346211281, 72.34150001125708, 161.7505235610787, 82.62516606668925, 164.78077926541545, 78.4324372400148, 47.16458810877569, 82.88286170584391, 169.5601382831699, 72.97473217738246, 53.28401503494583, 81.68456698426945, 164.52052639632143, 76.40521236245849, 55.38738173974158, 75.15858683601996, 167.48718806551054, 75.96505108025973, 53.995586810565996, 69.11145813445347, 170.89857619378716, 86.11413813184663, 158.18546309677743, 80.0502006819753, 58.39554389280444, 69.47812714516795, 53.583470099794354, 80.66418930397431, 164.76732287381802, 84.47301160270455, 157.49118378515018, 85.53730418973365, 49.82576356413211, 77.64600242666761, 160.3996724210169, 90.79320025776745, 47.16935585481379, 69.31116625168289, 75.74697356863015, 179.93182914195842, 68.55288495626452, 75.79601974588377, 163.0157001659939, 85.57626923413088, 69.74573620218855, 179.5028487588997, 70.15744551380375, 67.03158478870466]
current_best_val = 1.0479282996911365e-08
