de_sorted = [1.77067696e-06 2.14410796e-06 2.14856680e-06 2.16327395e-06
 2.18285027e-06 2.23536723e-06 2.26511480e-06 2.35013663e-06
 2.36002797e-06 2.38175502e-06 2.38289034e-06 2.39202938e-06
 2.42255761e-06 2.42461003e-06 2.43601648e-06 2.45517714e-06
 2.45950541e-06 2.59244552e-06 2.61046668e-06 2.72184032e-06
 2.81660699e-06 2.86168414e-06 2.93322830e-06 2.96441961e-06
 3.03756637e-06 3.18591210e-06 3.41325729e-06 3.78431043e-06
 3.87281524e-06]
steep_sorted = [0.00893868 0.01002754 0.01162972 0.01192201 0.0126004  0.01287055
 0.01369882 0.014653   0.01528085 0.01544054 0.01706126 0.01736843
 0.01757755 0.01837718 0.01874737 0.01992423 0.02027441 0.02041675
 0.02042218 0.02207153 0.02253028 0.02285318 0.02307944 0.0241116
 0.02619152 0.02681258 0.02817663 0.029457   0.03071472]
bfgs_sorted = [2.18404665e-06 2.38499875e-06 2.42491901e-06 2.64494251e-06
 2.91347770e-06 2.91392632e-06 2.91426852e-06 2.99613282e-06
 3.53481901e-06 3.58469933e-06 3.91918999e-06 3.92228072e-06
 3.92485281e-06 3.95166051e-06 3.97299745e-06 3.97489856e-06
 4.10272310e-06 4.31013958e-06 4.74896000e-06 4.76524694e-06
 4.93219519e-06 5.04622087e-06 5.60592753e-06 5.75174257e-06
 6.32843659e-06 6.45329448e-06 7.11210505e-06 7.20728327e-06
 1.03318439e-05]
chain_sorted = [1.63034883e-06 1.76822229e-06 1.77242476e-06 1.94887632e-06
 1.94942753e-06 1.95349996e-06 1.95984618e-06 1.96674009e-06
 1.97592760e-06 2.13942722e-06 2.14188009e-06 2.14270856e-06
 2.14352551e-06 2.15255411e-06 2.18063062e-06 2.18404665e-06
 2.36124878e-06 2.36907154e-06 2.38499875e-06 2.38896766e-06
 2.60006585e-06 2.60030069e-06 2.60432193e-06 2.61999685e-06
 2.63027852e-06 2.63045911e-06 2.65340221e-06 2.66063743e-06
 2.90727924e-06]
ngchain_sorted = [1.63034883e-06 1.76822229e-06 1.77242476e-06 1.94887632e-06
 1.94942753e-06 1.95349996e-06 1.95984618e-06 1.96674009e-06
 1.97592760e-06 2.13942722e-06 2.14188009e-06 2.14270856e-06
 2.14352551e-06 2.15255411e-06 2.18063062e-06 2.18404665e-06
 2.36124878e-06 2.36907154e-06 2.38499875e-06 2.38896766e-06
 2.60006585e-06 2.60030069e-06 2.60432193e-06 2.61999685e-06
 2.63027852e-06 2.63045911e-06 2.65340221e-06 2.66063743e-06
 2.90727924e-06]
current_best = [57.33442560315898, 70.7877612791774, 55.89761317644837, 72.55121738093513, 57.78462778462373, 73.13338383327147, 57.15817331812224, 71.25334724510199, 56.325609332794805, 71.42822591481571, 57.6196725440108, 70.49783445070814, 57.133002391375605, 72.23651031443677, 58.31331725522869, 70.58761592893788, 58.22064702086781, 68.78719958281948, 172.47878439493897, 73.35009060923053, 56.092156707071254, 72.02603777893103, 170.09957084043614, 75.96404196378235, 55.96133359989184, 73.35805090595078, 172.16364072227825, 69.49407555976425, 171.53186993734076, 74.95421511287073, 56.7065427229724, 69.75876311315719, 57.74333373132623, 73.00814440081011, 56.584790492479314, 70.5594095519322, 58.801999103170544, 71.83446807309909, 55.6533384134949, 70.81451608504167, 173.5892282230886, 73.78748912303023, 171.2029833786511, 73.34698797426286, 170.07331952408586, 73.92843935189114, 171.80430632048405, 73.21633474119383, 56.319075536123535, 70.41535000165025, 171.8429465433575, 71.88818580115402, 172.58885467607834, 73.1980368230143, 170.6524965382171, 74.5692268936924, 170.16037973895845, 71.28470270891162, 57.09632626311365, 71.67666143432807, 173.51007843876278, 72.0223758849926, 54.18798810782973, 72.72569488266863, 59.104371182400286, 73.81862551789007, 53.60478428333452, 71.82902465048913, 172.44797887933572, 73.868608847941]
current_best_val = 1.6303488336033567e-06
