de_sorted = [0.54849193 0.55704782 0.56005937 0.56074386 0.56100283 0.56124669
 0.56175499 0.56213276 0.56215748 0.56216821 0.56248463 0.56260783
 0.56291364 0.56323327 0.56358716 0.5646229  0.56485415 0.56493482
 0.5651786  0.56599067 0.56600802 0.56602912 0.56628026 0.56894182
 0.57209456 0.57246487 0.57252527 0.58393365 0.58580611]
steep_sorted = [0.63183833 0.63525672 0.63996162 0.64775541 0.66622512 0.66733811
 0.67064979 0.67199736 0.67324483 0.67599074 0.68281306 0.68522539
 0.70636953 0.70896347 0.71680954 0.71882726 0.72390494 0.72545174
 0.73102916 0.73571829 0.73628382 0.73716852 0.75035269 0.7600369
 0.77311994 0.78133064 0.78304073 0.79938598 0.81783709]
bfgs_sorted = [0.54078651 0.5410139  0.54900872 0.55278152 0.55549338 0.55783576
 0.55957797 0.5601793  0.56035753 0.56266103 0.56535094 0.56637077
 0.56714869 0.5692646  0.56965018 0.57117716 0.57158286 0.57439816
 0.57490842 0.57622996 0.57926789 0.5809733  0.58203786 0.58341019
 0.58443566 0.58550988 0.58899345 0.5921542  0.59334654]
chain_sorted = [0.53864857 0.53894661 0.53947676 0.5410974  0.54742898 0.55018826
 0.55964361 0.56058379 0.56160949 0.56167534 0.56184284 0.56188507
 0.5620985  0.56258367 0.56262183 0.56414373 0.56454698 0.56541672
 0.56619306 0.56631414 0.56710486 0.56979133 0.57000159 0.5745381
 0.57484197 0.57622234 0.57854654 0.5818446  0.59346497]
ngchain_sorted = [0.53864857 0.53894661 0.53947676 0.5410974  0.54742898 0.55018826
 0.55964361 0.56058379 0.56160949 0.56167534 0.56184284 0.56188507
 0.5620985  0.56258367 0.56262183 0.56414373 0.56454698 0.56541672
 0.56619306 0.56631414 0.56710486 0.56979133 0.57000159 0.5745381
 0.57484197 0.57622234 0.57854654 0.5818446  0.59346497]
current_best = [72.93032408241864, 104.24640303861607, 135.92863576492502, 102.06972138672518, 107.5886022992309, 132.14827733560722, 141.33049590270474, 106.65068500292654, 91.55364848644822, 109.66535936093354, 135.62841415925263, 101.46834703657687, 69.47368743079916, 95.27275914450891, 78.3864999755294, 84.38075566831246, 102.4926037155135, 91.13310010570248, 86.93514880113057, 168.7948520057898]
current_best_val = 0.5286955377015233
