de_sorted = [0.65927011 0.66215671 0.66240526 0.66290231 0.6631491  0.66336839
 0.66341751 0.66578901 0.66883102 0.67402413 0.67461949 0.68901126
 0.69001281 0.69277106 0.69588694 0.70151211 0.70304916 0.71385148
 0.73215376 0.73224059 0.73452543 0.73491589 0.73575854 0.74683318
 0.76078276 0.76835621 0.77182636 0.77654869 0.77850647]
steep_sorted = [0.65841632 0.66370169 0.66876556 0.68024541 0.69103088 0.69183004
 0.70088158 0.71294646 0.71462541 0.71631651 0.71745248 0.72542249
 0.73219323 0.74478837 0.74682288 0.74866882 0.75013077 0.75261222
 0.75402648 0.75997385 0.75997506 0.7708215  0.7712181  0.77163439
 0.7942222  0.80007787 0.80338221 0.84723824 0.84954239]
bfgs_sorted = [0.65808495 0.65808495 0.65808495 0.65808495 0.65808506 0.65808506
 0.65808506 0.65808506 0.65808506 0.65808506 0.65808514 0.65808521
 0.65808521 0.65808521 0.65808521 0.6580853  0.65808553 0.65808553
 0.65808557 0.65808561 0.65808561 0.65808572 0.65808572 0.65808581
 0.65808587 0.65808587 0.65808587 0.65808587 0.658086  ]
chain_sorted = [0.65169659 0.65808633 0.6580864  0.6580864  0.65808643 0.65808644
 0.65808648 0.65808648 0.65808651 0.65808655 0.65808657 0.6580866
 0.65808664 0.65808665 0.65809185 0.65941362 0.66120219 0.66234794
 0.66353554 0.6671655  0.67090893 0.69537048 0.70026718 0.70540976
 0.70577022 0.71622776 0.72754581 0.73390186 0.76187021]
ngchain_sorted = [0.65169659 0.65808633 0.6580864  0.6580864  0.65808643 0.65808644
 0.65808648 0.65808648 0.65808651 0.65808655 0.65808657 0.6580866
 0.65808664 0.65808665 0.65809185 0.65941362 0.66120219 0.66234794
 0.66353554 0.6671655  0.67090893 0.69537048 0.70026718 0.70540976
 0.70577022 0.71622776 0.72754581 0.73390186 0.76187021]
current_best = [78.3609356800558, 98.99087554201243, 81.85367309502297, 94.70207908092713, 78.32775713538565, 93.1710843174268, 80.75985291125855, 166.14297467244668, 84.50998505967773, 99.56792895051574, 143.98741188227368, 100.17191557275163, 83.1577340814783, 179.90933268487834, 83.67199366711368, 100.22456641426906, 156.27057542951022, 103.12391039189664, 87.75034981839545, 112.33876429507954]
current_best_val = 0.49365203267121555
