de_sorted = [0.44317465 0.44497394 0.44937263 0.45267246 0.45866173 0.46290263
 0.46567065 0.4663686  0.46651961 0.46847722 0.47159287 0.47654938
 0.47824687 0.48153735 0.48158465 0.48976516 0.49092201 0.49231123
 0.49705524 0.49762912 0.4978395  0.50218722 0.50345818 0.50511156
 0.50912013 0.51563384 0.51787815 0.53127598 0.53470736]
steep_sorted = [0.40545514 0.45844601 0.46126636 0.46752029 0.47642865 0.49053649
 0.49295173 0.50751634 0.51191449 0.52089985 0.52570118 0.52856143
 0.52867077 0.53139085 0.53643144 0.53969686 0.54009329 0.54277354
 0.54502031 0.5526838  0.55633577 0.55953842 0.58709898 0.59611859
 0.60233599 0.60639928 0.62204499 0.62615872 0.63523093]
bfgs_sorted = [0.4061113  0.41689524 0.42205841 0.42215032 0.43170907 0.43461629
 0.43999477 0.44223107 0.44717152 0.44911269 0.44926677 0.45450721
 0.45497434 0.45744484 0.45796058 0.46292349 0.46658614 0.4685053
 0.46931984 0.47224402 0.4733194  0.48620505 0.48645878 0.49616299
 0.49873109 0.50027303 0.5010967  0.50612955 0.50680075]
chain_sorted = [0.41683458 0.41875957 0.43461376 0.45557445 0.45891587 0.46075784
 0.46137942 0.46311138 0.46329212 0.46401817 0.46603471 0.46854417
 0.46900766 0.47025865 0.47058836 0.47106206 0.47669183 0.47737437
 0.47739952 0.48263346 0.48337301 0.48363651 0.48560718 0.48622398
 0.48808836 0.48814662 0.50044951 0.52777597 0.53925729]
ngchain_sorted = [0.41683458 0.41875957 0.43461376 0.45557445 0.45891587 0.46075784
 0.46137942 0.46311138 0.46329212 0.46401817 0.46603471 0.46854417
 0.46900766 0.47025865 0.47058836 0.47106206 0.47669183 0.47737437
 0.47739952 0.48263346 0.48337301 0.48363651 0.48560718 0.48622398
 0.48808836 0.48814662 0.50044951 0.52777597 0.53925729]
current_best = [171.32155308089722, 165.73252485993908, 175.57913844255006, 177.27990879028084, 167.00251644185482, 136.58009503888425, 160.47915000318324, 128.20629769903866, 140.8536125139568, 121.61114209491535, 119.87195918302173, 125.69265281966963, 169.85871172571035, 166.33885914084226, 167.99103563087044, 136.37492308359313, 169.7043606796501, 141.35028829345094, 167.30015266055048, 121.11522757638097, 99.69471214951855, 101.08252908875455, 157.35139207249557, 115.76648205084442, 136.59941996823414, 138.06137382687334, 150.0589417855012, 123.321746446314, 113.6711568216847, 145.1519400218076, 145.23633735814553, 109.11462135056203, 78.77075194719846, 111.08311784309221, 167.47119829299064, 141.16963476721548, 159.06678607218572, 147.00973211353988, 142.33740906090816, 68.52854760117214, 77.5343569931554, 114.40656472976417, 109.85751763838152, 120.19288767602255, 140.5550486376907, 94.08795691748128, 82.82860072262763, 87.3170842491963, 131.80720679329073, 124.2394556462661, 124.38287492255348, 140.22603618813693, 107.2253946608128, 93.43651030512429, 75.48981845425259, 105.67540404556253, 68.19307360138855, 79.50976641038282, 82.74001119126585, 115.72913952408591, 99.75044684089477, 101.9381216778047, 81.99857548042638, 100.20847977065719, 111.85113689148437, 118.98695229001973, 80.65690912326755, 85.49970890923966, 75.86161290474323, 98.30436662771022]
current_best_val = 0.28629030219928214
