de_sorted = [0.22601631 0.22819751 0.22848226 0.23020777 0.2310628  0.23233365
 0.23626327 0.24032695 0.24584297 0.24810024 0.24946273 0.25378641
 0.25456657 0.25739168 0.25894928 0.26194513 0.26574574 0.26829498
 0.26845524 0.27042553 0.27325011 0.27552684 0.28388856 0.28408996
 0.28732716 0.28875398 0.29390172 0.29535057 0.30231896]
steep_sorted = [0.29857471 0.30522391 0.31888268 0.31987906 0.33288518 0.34657691
 0.35731237 0.35956312 0.36245014 0.37052169 0.3721354  0.37837309
 0.38440832 0.38615084 0.38764637 0.39138906 0.39237927 0.39254939
 0.39418482 0.40048038 0.41188688 0.41473046 0.42584278 0.42832352
 0.42873863 0.43208534 0.44239317 0.47958059 0.4831777 ]
bfgs_sorted = [0.18018238 0.1831089  0.18633911 0.19140559 0.1933929  0.19655154
 0.19901256 0.2122493  0.2130912  0.21452881 0.21527173 0.21617561
 0.2184845  0.22705109 0.22758597 0.23086802 0.23279889 0.2342951
 0.23725727 0.23984455 0.24047179 0.24132703 0.24502771 0.24724043
 0.25618428 0.25808304 0.267444   0.26975924 0.31652284]
chain_sorted = [0.18015296 0.18319724 0.18616916 0.19331578 0.20888699 0.21000058
 0.21222124 0.21453185 0.21933056 0.22224132 0.2252796  0.22706063
 0.2290023  0.23272153 0.23427535 0.23719532 0.23994937 0.24063145
 0.24065308 0.24672867 0.24717893 0.25195589 0.25612559 0.26316571
 0.26392167 0.27658468 0.28998292 0.29669949 0.31664844]
ngchain_sorted = [0.18015296 0.18319724 0.18616916 0.19331578 0.20888699 0.21000058
 0.21222124 0.21453185 0.21933056 0.22224132 0.2252796  0.22706063
 0.2290023  0.23272153 0.23427535 0.23719532 0.23994937 0.24063145
 0.24065308 0.24672867 0.24717893 0.25195589 0.25612559 0.26316571
 0.26392167 0.27658468 0.28998292 0.29669949 0.31664844]
current_best = [79.42644483544281, 107.14293376806538, 78.6465148739165, 103.94957769009096, 101.60421163570588, 90.0854293068864, 114.63197626502352, 124.529752501141, 84.61249211563867, 56.40717097033715, 105.55350893921037, 74.16010469621041, 74.19268583594835, 103.63441035210388, 85.14606080974922, 87.2349241340798, 134.12856549112786, 127.42147903038432, 83.49192134160857, 109.5112984662629, 136.2922813827495, 95.25746166663437, 152.33917120229918, 138.77991681006498, 118.55014987721083, 121.01083925740859, 92.39117572349406, 92.39694732370216, 81.70912090127578, 97.09735745620206, 83.55062236100004, 77.67069033840524, 70.12825204064305, 74.03170748303516, 91.22683527611046, 106.63352817375531, 81.14004102974482, 73.86918737662359, 79.91161481193082, 74.56889683055641, 80.39340041477074, 101.41388124423649, 41.67401664633754, 104.93162854263751, 93.06407775011762, 107.86093136157163, 113.7757821496407, 74.83062861831975, 120.06640276686419, 119.66436033606078, 91.33703822382947, 96.29856909531425, 127.68911135235047, 120.05649662338367, 142.56005569335562, 86.60782195079952, 88.72108304860275, 93.85767665207725, 93.37684904428833, 94.07807517325614, 126.92312357343023, 102.02622122761002, 73.74554673333441, 86.00397481141441, 70.07252092416226, 76.72968446142308, 49.70972413246738, 109.62735102182143, 73.40496973077072, 53.66396287186596, 66.20120587768173, 71.1082260846276, 64.21956943716768, 78.89944084485388, 37.97895870776646, 95.49376916689275, 81.12305693460192, 94.06860351899505, 149.01403828605496, 112.70852980545662, 106.05259478863053, 109.49111795211329, 121.48878184464908, 135.19213282580955, 107.27703261397336, 160.71169562712245, 131.77288258886603, 121.31804229674131, 119.68883061456765, 142.38749283861634, 117.7857245097217, 103.70845824193484, 62.97017369942341, 73.73965423366806, 66.46031850443741, 77.97579664079282, 90.35857779777822, 144.81748875431165, 100.92299323307124, 107.46436523558572]
current_best_val = 0.1197333166226415
