de_sorted = [0.60497139 0.60592672 0.60676163 0.61056224 0.611435   0.61156109
 0.61200776 0.61334176 0.61372931 0.61441317 0.61526041 0.61688454
 0.6182602  0.61968486 0.62040971 0.62113168 0.62279299 0.62655871
 0.63180246 0.63265472 0.63297789 0.6359874  0.6370472  0.63970288
 0.64194153 0.64400194 0.65001247 0.65078955 0.66864589]
steep_sorted = [0.64856032 0.65065501 0.66208003 0.67451227 0.67709454 0.67947146
 0.67977346 0.68038413 0.68692899 0.69138306 0.70057906 0.70664918
 0.70811162 0.70814902 0.70878561 0.71480375 0.71543928 0.71617865
 0.71764223 0.72253193 0.72317213 0.73335852 0.74614871 0.74960038
 0.75344506 0.75536408 0.75759687 0.76160669 0.76418573]
bfgs_sorted = [0.6017249  0.61095211 0.61243143 0.61285668 0.6165734  0.62056648
 0.62106524 0.62221067 0.62265119 0.62417952 0.62596359 0.62815327
 0.62898184 0.63124109 0.6384382  0.64088849 0.64103732 0.64154336
 0.64238174 0.65130679 0.65242629 0.65265199 0.65336345 0.6564015
 0.65666604 0.66056909 0.67322093 0.67328443 0.67960343]
chain_sorted = [0.60169505 0.60599688 0.6083881  0.61080311 0.61093362 0.61276753
 0.61490534 0.6164252  0.62018638 0.62057434 0.62199104 0.62494996
 0.62592442 0.62595551 0.62811297 0.6310298  0.63121694 0.63225849
 0.63393722 0.63843867 0.63871467 0.64076129 0.64082934 0.64236296
 0.64310108 0.6432562  0.64439578 0.65614043 0.65914389]
ngchain_sorted = [0.60169505 0.60599688 0.6083881  0.61080311 0.61093362 0.61276753
 0.61490534 0.6164252  0.62018638 0.62057434 0.62199104 0.62494996
 0.62592442 0.62595551 0.62811297 0.6310298  0.63121694 0.63225849
 0.63393722 0.63843867 0.63871467 0.64076129 0.64082934 0.64236296
 0.64310108 0.6432562  0.64439578 0.65614043 0.65914389]
current_best = [164.72874296526032, 150.89001276302125, 139.57553219470535, 172.72930375178993, 177.63534072487124, 125.01829054284143, 136.6649594280045, 161.4512953675647, 109.58950155885034, 114.84952505038105, 151.43338968359544, 125.24952327389519, 121.76503254654797, 97.04749615768246, 87.47051153457376, 86.37210764133864, 160.4683360509826, 126.14629236646724, 91.56028504433628, 89.01555077421484, 87.9833545143703, 123.50735967260462, 82.90211079407732, 85.69539371474995, 85.12465608633435, 85.58000428430353, 84.77000402411255, 86.39625479770143, 86.65514053605193, 119.26758966217643]
current_best_val = 0.5596010596922517
