de_sorted = [0.3754358  0.37638765 0.37759485 0.37951282 0.37976337 0.37980974
 0.37999282 0.38061711 0.38067849 0.38184801 0.38212323 0.38253724
 0.38278268 0.38378182 0.38391598 0.38468687 0.38562482 0.38660077
 0.38702892 0.38730212 0.38745742 0.38818342 0.38898437 0.38909779
 0.38970984 0.39147179 0.39216563 0.39565762 0.39928616]
steep_sorted = [0.5667216  0.57730585 0.5947633  0.60616102 0.61113936 0.62005791
 0.62279603 0.62389519 0.63112966 0.63292599 0.63780449 0.63821834
 0.644215   0.6462609  0.6478078  0.64937662 0.65038791 0.65421791
 0.66062382 0.66628843 0.667058   0.69103994 0.69804434 0.6988881
 0.6989334  0.70546022 0.72339972 0.74322193 0.79474073]
bfgs_sorted = [0.37299018 0.37836696 0.3792221  0.37932232 0.3806567  0.38118005
 0.38120314 0.3812898  0.38130915 0.38133628 0.38225791 0.38296665
 0.38551814 0.38639747 0.38722954 0.38893466 0.3899216  0.39068409
 0.39166682 0.39244287 0.39265162 0.39353463 0.39521896 0.39550546
 0.39597358 0.39619229 0.39936485 0.40532308 0.41231422]
chain_sorted = [0.37302691 0.37831204 0.37920161 0.37944878 0.38052915 0.381155
 0.38125491 0.38126482 0.38132353 0.38139426 0.38211011 0.38297178
 0.38307543 0.38421981 0.38426401 0.38548452 0.38549563 0.3864846
 0.38748926 0.38825173 0.38878178 0.38950325 0.38968066 0.38993258
 0.39064608 0.39157787 0.39236551 0.39424071 0.39425911]
ngchain_sorted = [0.37302691 0.37831204 0.37920161 0.37944878 0.38052915 0.381155
 0.38125491 0.38126482 0.38132353 0.38139426 0.38211011 0.38297178
 0.38307543 0.38421981 0.38426401 0.38548452 0.38549563 0.3864846
 0.38748926 0.38825173 0.38878178 0.38950325 0.38968066 0.38993258
 0.39064608 0.39157787 0.39236551 0.39424071 0.39425911]
current_best = [74.15246022457983, 86.2813674801942, 66.5620302605813, 77.39295242320661, 70.63684768152757, 95.95094615102076, 94.48049172132932, 110.67206016898778, 176.8823347815376, 95.39970708307175, 83.15388621682412, 173.1326991844048, 84.50010420798739, 93.15025290549329, 156.83885322115393, 109.10020972651466, 137.6011482814722, 102.66625685933816, 89.46648935199717, 116.03455136320139, 96.15721704503846, 108.38385741031146, 96.0182011785278, 98.10020526831778, 78.30966862826982, 103.78546968031719, 105.81301791504134, 119.42100015293646, 82.02204892325906, 101.0962505604629]
current_best_val = 0.37299017551812524
