de_sorted = [0.03925849 0.03925849 0.03925849 0.03925849 0.03925849 0.03925849
 0.03925849 0.03925849 0.0392585  0.03925851 0.03925852 0.03925855
 0.03925904 0.03925917 0.03925939 0.03925948 0.03925962 0.03925967
 0.03925975 0.03926084 0.0392628  0.03926345 0.03926501 0.03926578
 0.03926649 0.03928294 0.03928847 0.03931978 0.0432198 ]
steep_sorted = [0.05645082 0.05695787 0.05883192 0.06160907 0.06298293 0.06423801
 0.06679957 0.06811178 0.06849055 0.07131971 0.0719339  0.07201617
 0.07248908 0.07299519 0.07368371 0.07388972 0.0743852  0.07451466
 0.07754413 0.07779605 0.08256904 0.08506944 0.08529429 0.08782053
 0.09432736 0.09451529 0.09672963 0.0983269  0.10194956]
bfgs_sorted = [0.03925849 0.03925849 0.03925849 0.03925849 0.03925849 0.03925849
 0.03925849 0.03925849 0.03925849 0.03925849 0.03925849 0.03925849
 0.03925849 0.03925849 0.03925849 0.03925849 0.03925849 0.03925849
 0.03925849 0.03925849 0.03925849 0.03925849 0.03925849 0.03925849
 0.03925849 0.03925849 0.03925849 0.03925849 0.03925849]
chain_sorted = [0.03925849 0.03925849 0.03925849 0.03925849 0.03925849 0.03925849
 0.03925849 0.03925849 0.03925849 0.03925849 0.03925849 0.03925849
 0.03925849 0.03925849 0.03925849 0.03925849 0.03925849 0.03925849
 0.03925849 0.03925849 0.03925849 0.03925849 0.03925849 0.03925849
 0.03925849 0.03925849 0.03925849 0.03925849 0.03925849]
ngchain_sorted = [0.03925849 0.03925849 0.03925849 0.03925849 0.03925849 0.03925849
 0.03925849 0.03925849 0.03925849 0.03925849 0.03925849 0.03925849
 0.03925849 0.03925849 0.03925849 0.03925849 0.03925849 0.03925849
 0.03925849 0.03925849 0.03925849 0.03925849 0.03925849 0.03925849
 0.03925849 0.03925849 0.03925849 0.03925849 0.03925849]
current_best = [57.73502699915472, 70.71067744853549, 57.73502667655059, 70.71067792252735, 173.20508160247593, 70.71067770447016, 57.73502734700058, 70.7106774824588, 173.20508051971402, 70.71067935322439, 173.20507897514983, 70.71068046561287, 57.73502503306366, 70.71067792488252, 57.73502765137819, 70.71067793601769, 57.73502726003011, 70.7106778422124, 173.20507915758344, 70.71067977009864]
current_best_val = 0.03925848972362067
