de_sorted = [4.37112120e-07 5.38323014e-07 8.11829233e-07 8.73936256e-07
 8.80427741e-07 1.01831518e-06 1.41113929e-06 1.65769936e-06
 1.70691981e-06 2.19612650e-06 2.19701021e-06 2.44790149e-06
 2.74081091e-06 2.78233500e-06 3.03510122e-06 3.33066652e-06
 4.69068517e-06 6.68716089e-06 7.46363427e-06 8.40992520e-06
 8.52406602e-06 8.93473546e-06 1.05754567e-05 1.18136526e-05
 1.27534598e-05 1.48913560e-05 5.93378278e-05 1.46851785e-04
 5.93752930e-04]
steep_sorted = [0.0072218  0.00842353 0.01515874 0.01722223 0.01998365 0.02179822
 0.02187844 0.02291949 0.02531387 0.02569158 0.02653688 0.02933388
 0.02946431 0.02950452 0.02987206 0.03097062 0.03217624 0.03406219
 0.03568058 0.03586574 0.03641735 0.03675927 0.03778032 0.04348617
 0.04429485 0.05084556 0.05691691 0.06012495 0.07735164]
bfgs_sorted = [7.39995670e-08 8.03097608e-08 8.94379110e-08 9.18259314e-08
 9.42622707e-08 9.48585589e-08 9.54343174e-08 9.86467862e-08
 1.00257409e-07 1.05508243e-07 1.06002481e-07 1.09179459e-07
 1.22346976e-07 1.33900402e-07 1.35163009e-07 1.36303343e-07
 1.38441944e-07 1.40912737e-07 1.41400656e-07 1.45700689e-07
 1.46543323e-07 1.47811649e-07 1.57327913e-07 1.62770425e-07
 1.63024142e-07 1.65664495e-07 1.68263458e-07 2.27434680e-07
 6.53201636e-07]
chain_sorted = [4.84248626e-08 6.37324847e-08 6.60311309e-08 7.17001372e-08
 7.29270242e-08 7.39995670e-08 8.03097608e-08 8.94379110e-08
 9.18259314e-08 9.31033158e-08 9.40486965e-08 9.42622707e-08
 9.48585589e-08 9.54343174e-08 9.60246084e-08 9.72586871e-08
 1.00257409e-07 1.00359842e-07 1.05508243e-07 1.06002481e-07
 1.07786147e-07 1.08969571e-07 1.09179459e-07 1.10277814e-07
 1.22346976e-07 1.22642138e-07 1.35282816e-07 1.38388654e-07
 1.38441944e-07]
ngchain_sorted = [4.84248626e-08 6.37324847e-08 6.60311309e-08 7.17001372e-08
 7.29270242e-08 7.39995670e-08 8.03097608e-08 8.94379110e-08
 9.18259314e-08 9.31033158e-08 9.40486965e-08 9.42622707e-08
 9.48585589e-08 9.54343174e-08 9.60246084e-08 9.72586871e-08
 1.00257409e-07 1.00359842e-07 1.05508243e-07 1.06002481e-07
 1.07786147e-07 1.08969571e-07 1.09179459e-07 1.10277814e-07
 1.22346976e-07 1.22642138e-07 1.35282816e-07 1.38388654e-07
 1.38441944e-07]
current_best = [172.45046771451865, 71.49847787824537, 57.448911473441804, 71.16326403474885, 172.8307953660463, 70.80470254939739, 173.14032414227134, 71.36552758315293, 57.3908840568631, 70.7475946259474, 172.82658418035635, 71.53606567390291, 57.01505277596446, 71.56989381403874, 172.83571085265135, 70.86952156938315, 173.03435546151562, 70.73520376040028, 57.52525555900711, 70.84872726678489, 173.17030814222525, 71.13373441603179, 172.9594530170351, 70.93578749446479, 56.96942656396997, 71.90669138479947, 172.42055551224823, 71.21795399082487, 173.36230425997306, 70.21554585295446, 58.19152153108359, 70.44070641032398, 57.59312696626644, 70.9178904600365, 172.87688667006873, 71.12501841573682, 172.9032644794261, 71.71557982797121, 56.58358389795417, 71.71933478963729, 172.66176482540814, 70.9166358583912, 173.15984019858374, 70.93351379583207, 57.283578462023954, 71.35342553205398, 173.07836009806542, 70.75186002689335, 57.529502207847855, 70.99724071157897, 173.0148109081092, 71.19092834928611, 57.22961604682506, 70.78038119279604, 172.723229270982, 72.18468209790933, 57.00585289801964, 70.33996346279582, 173.82879017576445, 70.41105140578313, 173.4383169133922, 70.3664733912539, 57.93647404990284, 69.7985760367241, 173.59812228275646, 71.13277293192807, 172.44610464670706, 72.18936786718493, 70.09286501682527, 179.99740546914597, 70.6397569334313, 71.0859359519642, 56.87710468338565, 71.530069881115, 173.1559814867833, 70.88200264692232, 56.84790317564615, 72.07756386059849, 172.50379200907645, 71.07302212847492, 172.36116162209376, 72.33885789811971, 172.45584934820786, 71.42810988991133, 56.810277271940805, 71.67312057452956, 172.33994208197407, 72.16497496139336, 171.777676748633, 71.78265295238786, 172.77954732117155, 71.18822397020436, 57.307739356950904, 71.5486286235696, 57.368521946305115, 71.26683415750554, 172.22186357933467, 71.41150669417135, 57.6538970149093, 70.65714624355152]
current_best_val = 4.007593257249198e-09
