de_sorted = [0.26266039 0.26266039 0.26266039 0.26266039 0.26266039 0.26266039
 0.26266039 0.26266039 0.26266039 0.26266039 0.26266039 0.26266039
 0.26266039 0.26266039 0.26266039 0.26266039 0.26266039 0.26266039
 0.26266039 0.26266039 0.26266041 0.26266043 0.26266045 0.26266046
 0.2626605  0.26266063 0.26266067 0.26266114 0.26266255]
steep_sorted = [0.26270949 0.26276819 0.26292173 0.26323868 0.26334615 0.26343957
 0.26396916 0.28567141 0.28569636 0.28573817 0.28577235 0.28587645
 0.28588615 0.28606    0.28621747 0.28717549 0.28727169 0.28729442
 0.28748074 0.28749295 0.28749704 0.28811907 0.31011384 0.31041093
 0.31048338 0.31291596 0.31350494 0.37227399 0.4266508 ]
bfgs_sorted = [0.26266039 0.26266039 0.26266039 0.26266039 0.26266039 0.26266039
 0.26266039 0.26266039 0.26266039 0.26266039 0.26266039 0.26266039
 0.26266039 0.26266039 0.26266039 0.26266039 0.26266039 0.26266039
 0.26266039 0.26266039 0.26266039 0.26266039 0.26266039 0.26266039
 0.26266039 0.26266039 0.26266039 0.26266039 0.26266039]
chain_sorted = [0.26266039 0.26266039 0.26266039 0.26266039 0.26266039 0.26266039
 0.26266039 0.26266039 0.26266039 0.26266039 0.26266039 0.26266039
 0.26266039 0.26266039 0.26266039 0.26266039 0.26266039 0.26266039
 0.26266039 0.26266039 0.26266039 0.26266039 0.26266039 0.26266039
 0.26266039 0.26266039 0.26266039 0.26266039 0.26266039]
ngchain_sorted = [0.26266039 0.26266039 0.26266039 0.26266039 0.26266039 0.26266039
 0.26266039 0.26266039 0.26266039 0.26266039 0.26266039 0.26266039
 0.26266039 0.26266039 0.26266039 0.26266039 0.26266039 0.26266039
 0.26266039 0.26266039 0.26266039 0.26266039 0.26266039 0.26266039
 0.26266039 0.26266039 0.26266039 0.26266039 0.26266039]
current_best = [57.735026957024964, 70.71067798061158, 57.73502694238256, 70.71067762354564, 57.73502732602865, 70.71067868201378, 173.2050804900359, 70.71067678549636, 57.73502766254931, 70.71067865934658]
current_best_val = 0.2626603868459254
