de_sorted = [0.01964731 0.0289435  0.0340626  0.03585116 0.0367455  0.03679437
 0.03772519 0.03836232 0.04111513 0.04279578 0.04519776 0.0453672
 0.0459846  0.04625404 0.04650699 0.04893957 0.04992913 0.05603454
 0.05735138 0.06021937 0.06134003 0.06333025 0.06348829 0.06378946
 0.06883024 0.07363656 0.07916425 0.09216474 0.10001464]
steep_sorted = [0.13503199 0.19654364 0.1998078  0.24404894 0.24417142 0.25755142
 0.2631665  0.2643437  0.26762261 0.26836563 0.26839243 0.27008594
 0.27646216 0.30039333 0.3057399  0.30851334 0.33209062 0.3861637
 0.41376621 0.41406678 0.42369596 0.4336032  0.45436595 0.49097751
 0.53003608 0.54611315 0.63462686 0.73887573 0.75824267]
bfgs_sorted = [0.00526001 0.00540121 0.00556878 0.00563371 0.00583917 0.00597657
 0.00599633 0.0060753  0.00608114 0.00609083 0.00611986 0.00612616
 0.00613189 0.00617642 0.00626913 0.00629311 0.0063535  0.00639642
 0.00643902 0.00643902 0.00643902 0.00653976 0.00654046 0.00662583
 0.00687793 0.00694464 0.00720594 0.00757056 0.00799975]
chain_sorted = [0.00526001 0.0052601  0.00526026 0.00526056 0.00540121 0.00556878
 0.00563371 0.00580061 0.00580112 0.00580125 0.00580313 0.00580409
 0.00583949 0.00584117 0.00591374 0.00592689 0.00599633 0.00608114
 0.00613189 0.00617642 0.00629311 0.0063535  0.00639642 0.00639654
 0.00639675 0.00643912 0.00643965 0.00653976 0.00687793]
ngchain_sorted = [0.00526001 0.0052601  0.00526026 0.00526056 0.00540121 0.00556878
 0.00563371 0.00580061 0.00580112 0.00580125 0.00580313 0.00580409
 0.00583949 0.00584117 0.00591374 0.00592689 0.00599633 0.00608114
 0.00613189 0.00617642 0.00629311 0.0063535  0.00639642 0.00639654
 0.00639675 0.00643912 0.00643965 0.00653976 0.00687793]
current_best = [173.20508894513935, 70.71067943222985, 173.2050742447446, 70.71068112387546, 57.735031482269676, 70.7106876336012, 173.20505286852918, 70.71071337468425, 173.20506881453372, 70.71067817870109, 57.735007039905405, 70.71072439547535, 173.20506878916618, 70.71066952355686, 173.20508312671618, 70.71067100527853, 173.2050762985531, 70.710708784324, 57.7349930449807, 70.71072252538775, 173.2050405236073, 70.71073405301583, 173.20504443663103, 70.71071765315604, 57.73499969812112, 70.71070363229765, 173.20505601300883, 70.71071365335362, 57.7350056546324, 70.71069090714613]
current_best_val = 0.0052600033811968094
