de_sorted = [1.58942512e-06 1.93448344e-06 1.95277538e-06 2.06192163e-06
 2.07978762e-06 2.09679944e-06 2.12879860e-06 2.12899281e-06
 2.12918137e-06 2.13296985e-06 2.14288274e-06 2.14339535e-06
 2.14854676e-06 2.18625219e-06 2.24469708e-06 2.35994610e-06
 2.36703410e-06 2.37135178e-06 2.38126549e-06 2.39557690e-06
 2.39696820e-06 2.60233838e-06 2.60733761e-06 2.64983755e-06
 2.85694359e-06 2.87947868e-06 2.89720356e-06 3.15210922e-06
 3.19257251e-06]
steep_sorted = [0.00744423 0.0077918  0.00997743 0.0101997  0.01024456 0.01038063
 0.01042834 0.01054172 0.01059998 0.01063079 0.01069589 0.01141004
 0.01152736 0.01201516 0.01319237 0.01333102 0.01349717 0.01357026
 0.01377979 0.01463233 0.01474357 0.01549038 0.01561628 0.01713879
 0.01733227 0.01743532 0.01860294 0.02139496 0.03109481]
bfgs_sorted = [2.45580088e-06 2.60700276e-06 2.61676277e-06 2.62292591e-06
 2.65813039e-06 2.66991263e-06 2.68642795e-06 2.88600014e-06
 2.92985637e-06 3.18434453e-06 3.18739126e-06 3.22543830e-06
 3.24302362e-06 3.24599775e-06 3.56932515e-06 3.60664733e-06
 3.91968481e-06 3.94696256e-06 4.08594792e-06 4.12761002e-06
 4.33987565e-06 4.83617315e-06 5.15843518e-06 5.72416314e-06
 6.40643657e-06 7.05962430e-06 7.15935235e-06 7.50859188e-06
 7.84811149e-06]
chain_sorted = [1.61635748e-06 1.61744426e-06 1.77594626e-06 1.93938045e-06
 1.95545271e-06 1.95693349e-06 1.95741272e-06 1.95932381e-06
 1.96812920e-06 1.97500479e-06 1.99858082e-06 2.13930264e-06
 2.15389273e-06 2.15973353e-06 2.16153448e-06 2.17236629e-06
 2.17930780e-06 2.36974207e-06 2.37125247e-06 2.37987465e-06
 2.38558543e-06 2.45580088e-06 2.60763298e-06 2.61584378e-06
 2.61676277e-06 2.86909601e-06 2.88100356e-06 3.18392668e-06
 3.53788917e-06]
ngchain_sorted = [1.61635748e-06 1.61744426e-06 1.77594626e-06 1.93938045e-06
 1.95545271e-06 1.95693349e-06 1.95741272e-06 1.95932381e-06
 1.96812920e-06 1.97500479e-06 1.99858082e-06 2.13930264e-06
 2.15389273e-06 2.15973353e-06 2.16153448e-06 2.17236629e-06
 2.17930780e-06 2.36974207e-06 2.37125247e-06 2.37987465e-06
 2.38558543e-06 2.45580088e-06 2.60763298e-06 2.61584378e-06
 2.61676277e-06 2.86909601e-06 2.88100356e-06 3.18392668e-06
 3.53788917e-06]
current_best = [172.98887467456734, 71.49895092534844, 56.71988374612003, 71.83795110456676, 172.9171786070512, 70.99909143532075, 57.59206455776573, 70.60094382519735, 58.06724358869579, 70.34319604796298, 173.12619584057995, 70.64491198201944, 173.16356752308445, 70.75500277570059, 173.21776351345238, 71.05513103926818, 173.04671082757775, 70.99516611779276, 171.76614898118538, 73.97979338384648, 171.62394264596557, 70.71886270524254, 57.88976161316428, 70.26500032287021, 58.45470362306622, 69.98672900682251, 173.15004017258326, 71.34315783914508, 57.29046299060791, 71.03193600492114, 57.61046680032081, 70.53145713108226, 173.51348258773618, 70.54631694154715, 173.38032360160688, 70.14102842097633, 58.014577984625234, 70.8614153412272, 57.644772080624676, 71.04935079043146, 57.82859221846205, 69.44357500947226, 173.75620618066654, 71.69490657293237, 56.825529704721575, 71.59347277339093, 57.3653628169182, 70.72385822724937, 173.32416265914725, 70.49610757100649, 57.64375832918465, 71.03309013515324, 57.53480018048967, 70.9153882069943, 57.44243588596949, 71.46531254435664, 56.97032068746543, 71.28383841545258, 172.98079438307997, 70.79701664308242, 57.812641787455064, 70.43396481100012, 58.02382069297148, 70.49321256891784, 57.981082722536826, 70.69277705218818, 57.587467087334026, 70.67099007716546, 172.9738244573645, 71.01805160355512]
current_best_val = 1.5894251169656926e-06
