de_sorted = [0.39062478 0.39071861 0.39075969 0.39080962 0.39089112 0.39094658
 0.39115118 0.39152196 0.39155205 0.39212991 0.39494392 0.39811721
 0.39818121 0.398323   0.39832606 0.39837661 0.39838399 0.39840508
 0.3987121  0.39874128 0.39882067 0.39884862 0.39955395 0.39983736
 0.40330333 0.40394171 0.40536155 0.4087067  0.41467054]
steep_sorted = [0.62760792 0.67037318 0.67941074 0.6805045  0.68930584 0.6989008
 0.70041106 0.70066631 0.70682888 0.72018809 0.72993498 0.73815569
 0.74114034 0.74602395 0.74640419 0.74662115 0.74985814 0.7510134
 0.75903551 0.76819159 0.78522934 0.78889739 0.79739675 0.80095446
 0.80120546 0.820781   0.8216748  0.8289642  0.84997127]
bfgs_sorted = [0.3939971  0.39496065 0.39508246 0.39606487 0.39853685 0.40062811
 0.40087797 0.40096959 0.4009989  0.40182202 0.40198464 0.40316735
 0.40401416 0.40425086 0.40464276 0.40599396 0.40636194 0.40698848
 0.40879282 0.40881972 0.40946495 0.40977857 0.41095657 0.41188463
 0.41375098 0.41444189 0.41827655 0.42570686 0.42650383]
chain_sorted = [0.39254108 0.3926978  0.39290662 0.39363735 0.39376813 0.39391228
 0.39401714 0.39490397 0.39504108 0.39508284 0.39530866 0.39556308
 0.3959297  0.39773943 0.39827506 0.39854652 0.39939116 0.40063893
 0.40072955 0.40175941 0.40182238 0.40182633 0.40191626 0.40290244
 0.40300467 0.40309803 0.40425879 0.40491975 0.40758791]
ngchain_sorted = [0.39254108 0.3926978  0.39290662 0.39363735 0.39376813 0.39391228
 0.39401714 0.39490397 0.39504108 0.39508284 0.39530866 0.39556308
 0.3959297  0.39773943 0.39827506 0.39854652 0.39939116 0.40063893
 0.40072955 0.40175941 0.40182238 0.40182633 0.40191626 0.40290244
 0.40300467 0.40309803 0.40425879 0.40491975 0.40758791]
current_best = [68.3301830291748, 83.4441614151001, 66.35497093200684, 78.81161212921143, 63.40059757232666, 78.74472618103027, 68.66867542266846, 89.00887489318848, 82.52371788024902, 115.14204978942871, 83.38091373443604, 94.62893009185791, 81.11555576324463, 111.29690170288086, 88.62014293670654, 101.33190155029297, 80.26123523712158, 106.07662200927734, 87.70994663238525, 101.18335723876953]
current_best_val = 0.39029760410552883
