de_sorted = [0.26266039 0.26266039 0.26266039 0.26266039 0.26266039 0.26266039
 0.26266039 0.26266039 0.26266039 0.26266039 0.26266039 0.26266039
 0.26266039 0.26266039 0.26266039 0.26266039 0.26266039 0.26266039
 0.26266039 0.2626604  0.2626604  0.2626604  0.26266041 0.26266062
 0.26266102 0.26266162 0.26266165 0.26266225 0.26266595]
steep_sorted = [0.26334871 0.26412266 0.26414659 0.26421751 0.26534999 0.26746714
 0.26822946 0.26887003 0.28606742 0.28629618 0.28668212 0.28670692
 0.28688637 0.28715867 0.28737304 0.28756402 0.28774538 0.31044632
 0.31045327 0.31189171 0.31200974 0.31219898 0.31285429 0.31485626
 0.31562964 0.33636121 0.33839225 0.34425636 0.3546555 ]
bfgs_sorted = [0.26266039 0.26266039 0.26266039 0.26266039 0.26266039 0.26266039
 0.26266039 0.26266039 0.26266039 0.26266039 0.26266039 0.26266056
 0.26299574 0.26306709 0.2630852  0.26336656 0.26337649 0.26340811
 0.26388418 0.26415436 0.26427638 0.26429666 0.26525023 0.26565076
 0.26567109 0.26683184 0.26772748 0.27074786 0.27266246]
chain_sorted = [0.26266039 0.26266039 0.26266039 0.26266039 0.26266039 0.26266039
 0.26266039 0.26266039 0.26266039 0.26266039 0.26266039 0.26266039
 0.26266039 0.26266039 0.26266039 0.26266039 0.26266039 0.26266039
 0.26266039 0.26266039 0.26266039 0.26266039 0.26266039 0.26266039
 0.26266039 0.26266039 0.26266039 0.26266039 0.26266039]
ngchain_sorted = [0.26266039 0.26266039 0.26266039 0.26266039 0.26266039 0.26266039
 0.26266039 0.26266039 0.26266039 0.26266039 0.26266039 0.26266039
 0.26266039 0.26266039 0.26266039 0.26266039 0.26266039 0.26266039
 0.26266039 0.26266039 0.26266039 0.26266039 0.26266039 0.26266039
 0.26266039 0.26266039 0.26266039 0.26266039 0.26266039]
current_best = [57.735026785814135, 70.71067865476341, 57.73502633543268, 70.71067742706099, 57.735027370301566, 70.71067871258813, 57.73502662371182, 70.71067817147487, 57.735026893853636, 70.71067847596503]
current_best_val = 0.2626603868459254
