de_sorted = [0.69602997 0.69715028 0.69858984 0.69886204 0.70724997 0.70983773
 0.71051877 0.7164362  0.71783077 0.72001212 0.72673873 0.73600833
 0.73701373 0.73833736 0.74249446 0.74417008 0.74602549 0.74862837
 0.75968144 0.76006667 0.76086876 0.77212206 0.77942021 0.7797624
 0.78353614 0.78904426 0.79231833 0.7944349  0.80561247]
steep_sorted = [0.72954757 0.73445992 0.74812787 0.75089932 0.76608145 0.7713588
 0.77797587 0.79379581 0.7952589  0.79548878 0.79799426 0.80443997
 0.80809122 0.81065627 0.81444146 0.81481412 0.81682044 0.82239991
 0.82256438 0.82318496 0.82379363 0.83292713 0.83411099 0.84461667
 0.84912176 0.85054621 0.85631177 0.86782689 0.88690259]
bfgs_sorted = [0.697538   0.69911086 0.69992468 0.70058668 0.70554733 0.70754868
 0.70873958 0.70878822 0.7087905  0.70917867 0.70918845 0.71004143
 0.71073694 0.71195648 0.71583105 0.71743167 0.7175702  0.71827044
 0.71866964 0.71876258 0.71895677 0.7195209  0.71991633 0.7199693
 0.72006126 0.72031667 0.72208064 0.72250518 0.72545557]
chain_sorted = [0.69377969 0.69620428 0.69910795 0.69961072 0.70058363 0.70755606
 0.70873261 0.70914815 0.70988916 0.71074937 0.71195079 0.71582263
 0.71653162 0.71746785 0.71896639 0.71973498 0.71994208 0.72003627
 0.72977631 0.73613525 0.74169802 0.74440545 0.7517008  0.75675343
 0.75845894 0.7622353  0.76787976 0.77787675 0.79807558]
ngchain_sorted = [0.69377969 0.69620428 0.69910795 0.69961072 0.70058363 0.70755606
 0.70873261 0.70914815 0.70988916 0.71074937 0.71195079 0.71582263
 0.71653162 0.71746785 0.71896639 0.71973498 0.71994208 0.72003627
 0.72977631 0.73613525 0.74169802 0.74440545 0.7517008  0.75675343
 0.75845894 0.7622353  0.76787976 0.77787675 0.79807558]
current_best = [77.80623303272775, 92.63245231293328, 178.79103540176607, 104.11510732674279, 102.97967499272323, 117.71844970109142, 94.46834455370129, 124.80262193514139, 90.63623706230571, 101.62230416260854]
current_best_val = 0.6582259661939996
