de_sorted = [0.75131556 0.7533412  0.75661099 0.75680583 0.75762525 0.76015293
 0.76239838 0.76263564 0.76394422 0.76668396 0.76719008 0.76805838
 0.76841248 0.76924447 0.77025103 0.77099392 0.77134381 0.77192097
 0.77201781 0.77562836 0.77617523 0.77623873 0.7764993  0.77685347
 0.77786368 0.7836593  0.78474185 0.79000606 0.79639266]
steep_sorted = [0.70580631 0.72648904 0.72659183 0.73422158 0.74579548 0.75296351
 0.75923606 0.75978733 0.76477733 0.76614533 0.77237068 0.77493976
 0.7784272  0.78272307 0.78636967 0.78833091 0.79031927 0.79059475
 0.7943939  0.80362017 0.81239196 0.81532742 0.82360919 0.82738634
 0.83477649 0.83973886 0.85565893 0.87030961 0.90793311]
bfgs_sorted = [0.78615295 0.78615295 0.78615562 0.78615597 0.78615597 0.78615597
 0.78615597 0.78615597 0.78615597 0.78615597 0.78615597 0.78615597
 0.78615597 0.78615597 0.78615597 0.78615597 0.78615597 0.78615597
 0.78615827 0.78616023 0.78616442 0.78616442 0.78616749 0.78616749
 0.78617013 0.78617138 0.78617138 0.78617138 0.78618191]
chain_sorted = [0.74932465 0.75958236 0.7634845  0.7643217  0.76512659 0.76646309
 0.76646715 0.76656803 0.76820126 0.7690683  0.76998493 0.77213014
 0.77253779 0.77388825 0.78102524 0.78176316 0.78615801 0.78616304
 0.78617039 0.78617594 0.78619085 0.78619349 0.78619524 0.7862127
 0.78621974 0.78622261 0.78661951 0.78773868 0.78892458]
ngchain_sorted = [0.74932465 0.75958236 0.7634845  0.7643217  0.76512659 0.76646309
 0.76646715 0.76656803 0.76820126 0.7690683  0.76998493 0.77213014
 0.77253779 0.77388825 0.78102524 0.78176316 0.78615801 0.78616304
 0.78617039 0.78617594 0.78619085 0.78619349 0.78619524 0.7862127
 0.78621974 0.78622261 0.78661951 0.78773868 0.78892458]
current_best = [109.10256385803223, 159.52041625976562, 179.07280921936035, 179.99822616577148, 178.341646194458, 139.62199211120605, 177.8605079650879, 175.8099365234375, 170.4192352294922, 157.2360610961914, 155.7125949859619, 170.41367530822754, 166.75597190856934, 177.72871017456055, 120.56676864624023, 176.77411079406738, 160.88388442993164, 179.0625286102295, 167.79091835021973, 155.16547203063965]
current_best_val = 0.6925254568023687
