de_sorted = [0.28247112 0.28411047 0.28413782 0.28439238 0.28584703 0.28962636
 0.28975518 0.29078682 0.29121622 0.29147329 0.2917724  0.29191899
 0.29258831 0.29452503 0.29486897 0.29551934 0.29554383 0.29588891
 0.29593743 0.29597892 0.29686952 0.29849776 0.29992536 0.30041516
 0.30071814 0.30404575 0.30536711 0.30708938 0.30862639]
steep_sorted = [0.5645779  0.58410409 0.60602848 0.61631262 0.62528927 0.62822058
 0.62829016 0.64266027 0.64826269 0.66188431 0.66458005 0.67007515
 0.67130396 0.673383   0.68217465 0.6947322  0.69656341 0.70099106
 0.703441   0.70566921 0.70787035 0.7130092  0.72995453 0.73624216
 0.7471883  0.74756604 0.75640239 0.79827139 0.81971738]
bfgs_sorted = [0.29415143 0.2955817  0.29889926 0.29938489 0.29957236 0.30067128
 0.3012492  0.30171854 0.3029838  0.30456445 0.3050792  0.30573491
 0.30840766 0.30914148 0.30930045 0.31074587 0.31076786 0.31169366
 0.31196478 0.31411853 0.314954   0.3155695  0.31585218 0.31729502
 0.31752461 0.31964327 0.32357961 0.33738841 0.34833933]
chain_sorted = [0.29200456 0.29411079 0.29445036 0.29564779 0.29588647 0.29831908
 0.2988198  0.29925404 0.29968962 0.29970218 0.30074731 0.3012235
 0.30195809 0.30283612 0.30290965 0.30331709 0.304584   0.30514328
 0.30572902 0.30721659 0.30727207 0.30832134 0.3083312  0.30930434
 0.31082615 0.31089675 0.31358381 0.31658864 0.33462264]
ngchain_sorted = [0.29200456 0.29411079 0.29445036 0.29564779 0.29588647 0.29831908
 0.2988198  0.29925404 0.29968962 0.29970218 0.30074731 0.3012235
 0.30195809 0.30283612 0.30290965 0.30331709 0.304584   0.30514328
 0.30572902 0.30721659 0.30727207 0.30832134 0.3083312  0.30930434
 0.31082615 0.31089675 0.31358381 0.31658864 0.33462264]
current_best = [68.19004972614756, 88.01870850640508, 73.65290542150576, 179.7386175713915, 72.79043293049028, 85.93830634959303, 72.6981662812644, 81.70346137357562, 153.4404770395367, 87.58980829307495, 69.71937733304158, 94.1403696899004, 81.72140248445686, 135.58799986276776, 89.3372148502216, 102.14680738770505, 83.86036355037463, 99.87962696744573, 70.55368750964038, 86.8065494771844, 68.61395904460254, 81.93300797252455, 71.85144496538378, 84.15205488778751, 78.813203548533, 98.5255397904397, 75.12820026708889, 89.15132641550207, 71.53115253001775, 85.43143915003216]
current_best_val = 0.2704803757711334
