de_sorted = [0.00095515 0.0012541  0.00220677 0.0025838  0.00330823 0.00366409
 0.00462881 0.00466872 0.00467069 0.00489156 0.00510164 0.00520861
 0.00565606 0.00613307 0.00640707 0.007498   0.00802944 0.00875349
 0.00940602 0.00973071 0.01027707 0.01036267 0.01040366 0.0128689
 0.01569195 0.01717829 0.01778857 0.02384093 0.02453511]
steep_sorted = [0.02129696 0.02791826 0.05412125 0.11442164 0.11489858 0.13963945
 0.15980396 0.16179674 0.16492119 0.16958693 0.17323997 0.17973213
 0.18817695 0.20046874 0.20459281 0.20541641 0.20733211 0.29464593
 0.2996867  0.34141461 0.36233737 0.3903772  0.41314898 0.42437068
 0.51697317 0.53879972 0.5682555  0.78289907 0.81475275]
bfgs_sorted = [0.00441985 0.00443222 0.0050217  0.00520995 0.00558504 0.005934
 0.00609002 0.00655497 0.00730752 0.00756446 0.00775708 0.00811209
 0.00811542 0.00854429 0.00870876 0.00875092 0.00903432 0.00973406
 0.00982453 0.01032748 0.01307677 0.01344508 0.01488557 0.01563511
 0.01740068 0.01879878 0.01979868 0.0203049  0.02366547]
chain_sorted = [0.00138808 0.00362481 0.0043604  0.00441985 0.00443222 0.0050217
 0.00520995 0.00558504 0.00609002 0.00674553 0.00730752 0.00775708
 0.00811542 0.00854429 0.00868198 0.00870876 0.00875092 0.00903432
 0.00904495 0.00913049 0.00973406 0.00982453 0.01027785 0.0111504
 0.01156079 0.01307677 0.01344508 0.01563511 0.0203049 ]
ngchain_sorted = [0.00138808 0.00362481 0.0043604  0.00441985 0.00443222 0.0050217
 0.00520995 0.00558504 0.00609002 0.00674553 0.00730752 0.00775708
 0.00811542 0.00854429 0.00868198 0.00870876 0.00875092 0.00903432
 0.00904495 0.00913049 0.00973406 0.00982453 0.01027785 0.0111504
 0.01156079 0.01307677 0.01344508 0.01563511 0.0203049 ]
current_best = [56.12859083298243, 74.84280172023347, 171.32229092495677, 73.7344663843327, 46.25456117379611, 95.40444572049302, 159.0675254265415, 74.54440523372304, 60.214351149427145, 64.80728495201502, 179.05832811750213, 63.53567107929905, 58.42430101462095, 78.57527534326378, 175.71227548252685, 179.92540562834566, 85.0692399518434, 59.63516297257925, 57.399910515552044, 67.26057550360898, 58.52865310316811, 79.75036526891432, 163.37245950234856, 77.13570862891471, 55.855901187597254, 79.2809518479721, 164.57372153093903, 79.22298171685347, 168.94185562782394, 68.53136392727342, 61.209229957641426, 69.34998554436311, 172.53179373710353, 72.39064604232253, 169.69349363135106, 75.99666779978668, 169.40216155850902, 74.74653964228543, 58.881134615551105, 62.47747284530941, 60.37957165249817, 79.25127867037277, 160.7241411549622, 80.06664531819892, 49.85300916371679, 87.4610595597301, 160.9885196491001, 82.32461764421004, 161.7985963046339, 92.49647959900499, 43.10907361790768, 83.63737560398965, 169.81718805880354, 65.40233249639542, 74.24047014696444, 179.87694106535727, 63.19923207211969, 83.46723396098947, 169.1085342654795, 75.47579486977844, 51.20842406005435, 74.78237701690112, 173.56997707068209, 73.36719039506092, 54.77697269229907, 67.8427396688319, 171.88954212622176, 76.91473788827227, 171.10900154943351, 71.02757973563747, 59.22010701239491, 75.6946177869788, 166.03422285745992, 77.02632436003698, 56.957654993337705, 71.71861495375231, 162.6620820251932, 86.94958108821055, 56.35076114537366, 64.0632892263229, 58.26337901828143, 81.88040974065225, 160.8976127304627, 82.84571370664318, 43.23677559064977, 85.64786928878436, 168.64254859511678, 73.32967715973119, 172.26262143170115, 65.81358829502729, 60.36776144430995, 72.10044581111418, 169.36474446984056, 72.15818948950412, 61.539239911241765, 70.32270088972744, 52.35669788231646, 78.842410505165, 169.11843317573246, 72.19331129313161]
current_best_val = 6.9605121666427294e-09
