de_sorted = [0.59417328 0.59421421 0.59434819 0.59438819 0.59439216 0.59447322
 0.5945062  0.59450698 0.59452758 0.59457025 0.59458437 0.594585
 0.59467134 0.59467915 0.59468904 0.59469737 0.59469925 0.59471875
 0.5947628  0.59476627 0.5947697  0.59477714 0.59479459 0.59483424
 0.59487497 0.59487748 0.59518863 0.59529423 0.59851039]
steep_sorted = [0.68562541 0.72395318 0.73935071 0.76074433 0.76827096 0.77571341
 0.79691559 0.80059878 0.80370122 0.81082713 0.81924764 0.82591408
 0.83234838 0.8328646  0.84168239 0.84250661 0.84995278 0.85009553
 0.85152261 0.85778731 0.86529889 0.86711983 0.87087875 0.87948076
 0.88692391 0.89578946 0.90462044 0.91100751 0.91713121]
bfgs_sorted = [0.59654211 0.59739662 0.59752222 0.59765313 0.59848521 0.59849641
 0.59855734 0.59863825 0.599904   0.6002919  0.60056952 0.60098553
 0.60136878 0.60136945 0.60144862 0.60172312 0.60308013 0.60322661
 0.60344146 0.60349222 0.60439678 0.60576622 0.60586428 0.60652973
 0.60889154 0.60902022 0.60989438 0.61135504 0.6142193 ]
chain_sorted = [0.59427488 0.59430158 0.59433601 0.59442012 0.5944677  0.59465919
 0.59469785 0.59470367 0.59470991 0.59487087 0.59491737 0.59499033
 0.59500709 0.59509807 0.59510962 0.59519068 0.5952383  0.59541623
 0.59544525 0.59552559 0.59573714 0.59578257 0.59596211 0.5959868
 0.59601475 0.59603966 0.59670333 0.59670395 0.59734515]
ngchain_sorted = [0.59427488 0.59430158 0.59433601 0.59442012 0.5944677  0.59465919
 0.59469785 0.59470367 0.59470991 0.59487087 0.59491737 0.59499033
 0.59500709 0.59509807 0.59510962 0.59519068 0.5952383  0.59541623
 0.59544525 0.59552559 0.59573714 0.59578257 0.59596211 0.5959868
 0.59601475 0.59603966 0.59670333 0.59670395 0.59734515]
current_best = [72.50504157898, 88.88824343184311, 73.29683692503251, 94.34198282493362, 128.5849173652964, 94.5346243625901, 74.08970812679895, 90.78154594218303, 74.09725757468941, 93.36701833330571]
current_best_val = 0.593893851384085
