de_sorted = [0.03925849 0.03925849 0.03925849 0.03925849 0.03925849 0.03925849
 0.03925849 0.03925849 0.03925849 0.03925849 0.03925849 0.03925849
 0.03925849 0.0392585  0.0392585  0.03925851 0.03925852 0.03925856
 0.03925857 0.03925858 0.03925859 0.03925905 0.03925942 0.03926103
 0.03926171 0.03926199 0.03926438 0.03926809 0.0393193 ]
steep_sorted = [0.05217982 0.05474962 0.05527922 0.05831909 0.05850928 0.05900193
 0.05983801 0.06141392 0.06293209 0.06376358 0.06493421 0.06580762
 0.06890806 0.06903147 0.06933035 0.06984906 0.07007868 0.07233234
 0.07337554 0.07466705 0.07471464 0.07588159 0.07805732 0.08236434
 0.08601278 0.08957727 0.0911008  0.09792431 0.1064658 ]
bfgs_sorted = [0.03925849 0.03925849 0.03925849 0.03925849 0.03925849 0.03925849
 0.03925849 0.03925849 0.03925849 0.03925849 0.03925849 0.03925849
 0.03925849 0.03927344 0.03952174 0.03956263 0.03959919 0.03982329
 0.04129179 0.04321614 0.04321614 0.04321614 0.04321614 0.04321614
 0.04349857 0.04349857 0.04349857 0.04756287 0.04756287]
chain_sorted = [0.03925849 0.03925849 0.03925849 0.03925849 0.03925849 0.03925849
 0.03925849 0.03925849 0.03925849 0.03925849 0.03925849 0.03925849
 0.03925849 0.03925849 0.03925849 0.03925849 0.03925849 0.03925849
 0.03925849 0.03925849 0.03925849 0.03925849 0.03925849 0.03925849
 0.03925849 0.03925849 0.03925849 0.03925849 0.03925849]
ngchain_sorted = [0.03925849 0.03925849 0.03925849 0.03925849 0.03925849 0.03925849
 0.03925849 0.03925849 0.03925849 0.03925849 0.03925849 0.03925849
 0.03925849 0.03925849 0.03925849 0.03925849 0.03925849 0.03925849
 0.03925849 0.03925849 0.03925849 0.03925849 0.03925849 0.03925849
 0.03925849 0.03925849 0.03925849 0.03925849 0.03925849]
current_best = [57.73502645292582, 70.710679158288, 57.735026113604405, 70.71067954578442, 57.735026542060965, 70.71067965148195, 57.73502835122137, 70.71067548013889, 57.73502745708228, 70.7106771885542, 57.73502730629904, 70.71067774393383, 173.20508210623362, 70.71067619224195, 57.73502825019365, 70.7106768290416, 57.73502752997287, 70.71067783463621, 57.7350266276297, 70.71067725895387]
current_best_val = 0.03925848972362078
