de_sorted = [0.56043123 0.56249965 0.56306342 0.56311381 0.56323928 0.56459068
 0.56525109 0.566179   0.56664091 0.56780592 0.56816995 0.56831502
 0.5695453  0.57151992 0.57242483 0.57271232 0.57281971 0.5734365
 0.57358681 0.57375885 0.57426673 0.5743122  0.57496079 0.57507835
 0.57545373 0.57551161 0.57611099 0.57674269 0.57777413]
steep_sorted = [0.59009133 0.61673442 0.62534803 0.63126296 0.63638937 0.6368926
 0.6389851  0.63942129 0.65032832 0.65743092 0.66293086 0.66567853
 0.67617313 0.6779078  0.68397504 0.68919946 0.6909416  0.69404647
 0.69774222 0.70346753 0.71246669 0.7190402  0.72055821 0.72544564
 0.73110752 0.74380735 0.7446753  0.75166402 0.80185321]
bfgs_sorted = [0.51096959 0.52010386 0.52270838 0.52509937 0.52745051 0.53068104
 0.54290364 0.54476806 0.54514768 0.54924006 0.55106852 0.55557255
 0.55630594 0.55668714 0.55931968 0.56297296 0.56316699 0.56426436
 0.56703583 0.56858027 0.57450522 0.57474498 0.58532962 0.58956335
 0.59548317 0.59768337 0.59994571 0.62411649 0.63203932]
chain_sorted = [0.51096593 0.52009148 0.52271671 0.52511124 0.54290595 0.5492057
 0.55104917 0.55630452 0.55677655 0.55933708 0.56306444 0.56328308
 0.56425788 0.56545925 0.56643709 0.56668649 0.56699405 0.56857338
 0.56916317 0.57030172 0.57141311 0.57450231 0.57475604 0.58545695
 0.58641592 0.58963409 0.59756217 0.59996406 0.63214844]
ngchain_sorted = [0.51096593 0.52009148 0.52271671 0.52511124 0.54290595 0.5492057
 0.55104917 0.55630452 0.55677655 0.55933708 0.56306444 0.56328308
 0.56425788 0.56545925 0.56643709 0.56668649 0.56699405 0.56857338
 0.56916317 0.57030172 0.57141311 0.57450231 0.57475604 0.58545695
 0.58641592 0.58963409 0.59756217 0.59996406 0.63214844]
current_best = [70.03240563869485, 76.04640350306421, 62.20538024110783, 82.80056534496771, 62.8272629873225, 85.59447054758591, 81.11522653828983, 108.01689577946169, 88.71198107252134, 83.232258494778, 70.90861586655886, 79.01376624261994, 60.57245464354921, 79.63288179850713, 67.92912146038317, 83.84993252764475, 76.98922148328154, 142.89923598719568, 89.45283530432674, 91.92829579812623, 78.3052171219667, 91.97151834036168, 79.9455867343444, 110.49601560198417, 93.98672106813223, 119.68391993093017, 80.9488726038683, 92.87145380594399, 78.56858621665879, 90.5771676724883]
current_best_val = 0.27952791844779784
