de_sorted = [0.32827608 0.33538895 0.33599996 0.34087537 0.3410302  0.35218185
 0.35388063 0.36038105 0.36561497 0.3680152  0.3682301  0.36913726
 0.37077465 0.37189145 0.37629782 0.3764044  0.37678949 0.37817658
 0.37964629 0.37969642 0.38036498 0.38088258 0.38286805 0.38367322
 0.3881453  0.39232627 0.39407323 0.40220838 0.40872822]
steep_sorted = [0.36456282 0.36526757 0.37368067 0.38266656 0.38819834 0.38921272
 0.39566612 0.40210383 0.40431512 0.41267765 0.41478625 0.41738528
 0.41756217 0.41856487 0.4276209  0.43856993 0.44744015 0.45649615
 0.45948756 0.4598837  0.46262245 0.46313225 0.48210961 0.48351881
 0.48996871 0.49763289 0.49918402 0.50324281 0.51760356]
bfgs_sorted = [0.27620616 0.30466758 0.31900759 0.32331459 0.3247694  0.32573115
 0.32635105 0.33127054 0.33230872 0.33396559 0.33526341 0.33622262
 0.33841387 0.34217938 0.3422442  0.34247952 0.34820506 0.34915122
 0.35031373 0.35426715 0.36673403 0.3757152  0.37863644 0.38225711
 0.38227609 0.38840333 0.39186059 0.40192739 0.4170583 ]
chain_sorted = [0.32474768 0.32573426 0.32635458 0.33117815 0.33126614 0.33230191
 0.33396553 0.33624921 0.33840889 0.34223574 0.34819673 0.35410287
 0.35426493 0.35747328 0.35915274 0.36592057 0.36674152 0.36800845
 0.37465631 0.3754221  0.3757098  0.37862286 0.37945116 0.38223725
 0.38404181 0.3845078  0.39188022 0.40192653 0.41706068]
ngchain_sorted = [0.32474768 0.32573426 0.32635458 0.33117815 0.33126614 0.33230191
 0.33396553 0.33624921 0.33840889 0.34223574 0.34819673 0.35410287
 0.35426493 0.35747328 0.35915274 0.36592057 0.36674152 0.36800845
 0.37465631 0.3754221  0.3757098  0.37862286 0.37945116 0.38223725
 0.38404181 0.3845078  0.39188022 0.40192653 0.41706068]
current_best = [70.77578254952981, 60.78756570069691, 96.73003015653154, 70.9048803249928, 83.69536358771462, 105.52122943306173, 57.50172271713126, 128.46254631781648, 104.94957287851007, 101.56910465462376, 77.4593429827093, 91.12823137899078, 68.63437602211927, 102.87637243272007, 104.0532075912959, 90.91070869698777, 128.95740395525482, 143.55135424630055, 103.10197021153914, 119.41024017057887, 76.4163471980246, 113.20726679952446, 127.35292512880015, 101.39405577852435, 129.75694960186286, 132.24865155318827, 176.43458472176673, 110.09987930812794, 126.31994657595511, 130.7334750018755, 77.55919449585966, 131.13928966966893, 97.63691720549615, 116.02867664170573, 139.652647710015, 130.15570560687704, 142.82171996114644, 104.55045536752941, 98.82095189442283, 142.63371316509568, 111.33947998195998, 58.59211848253324, 117.7412066970028, 86.9621029421365, 89.17651754114473, 64.35331070844533, 123.43059411085397, 136.02987779426198, 118.6827223455947, 115.59142583889069, 127.56005429676087, 109.01619176975132, 116.22998091473731, 99.02177076334695, 115.34971525874509, 125.24709503212232, 57.14359492880323, 76.83699345176812, 76.590720769192, 95.6471839330912, 88.48808471161382, 93.43121154758452, 163.39174046468102, 68.07049143508056, 120.24790237598104, 86.8110905458345, 43.34162556399029, 113.87667857862695, 82.88790593275257, 64.88262666195722]
current_best_val = 0.24741625752057342
