de_sorted = [0.27227164 0.27283492 0.27535532 0.27541033 0.27669504 0.27742612
 0.28123813 0.28295085 0.28347601 0.28379921 0.28413909 0.2850883
 0.28591296 0.28596857 0.28636454 0.28664557 0.28752009 0.28782607
 0.2883565  0.28847701 0.28961325 0.28991111 0.29134018 0.2938764
 0.30014333 0.30204453 0.30520993 0.30577828 0.30897828]
steep_sorted = [0.39533971 0.39943398 0.39991058 0.4001202  0.40953143 0.40966955
 0.41365916 0.42844456 0.43005407 0.43092211 0.4346251  0.43543114
 0.43549796 0.43676517 0.43905207 0.43950055 0.44451794 0.4462529
 0.44692143 0.44881386 0.44969336 0.45246262 0.4536017  0.45432087
 0.45520568 0.45586815 0.46262435 0.47676484 0.48675505]
bfgs_sorted = [0.22445772 0.22754734 0.23065745 0.23346415 0.24182177 0.24182796
 0.24193602 0.241974   0.24285779 0.24313527 0.24334623 0.2435377
 0.24425389 0.24476087 0.2506528  0.25146448 0.25441595 0.2545841
 0.25595247 0.25832116 0.25902394 0.25989373 0.2607845  0.26191545
 0.26939264 0.2713568  0.27142888 0.27791859 0.29022341]
chain_sorted = [0.22446422 0.22754615 0.23079292 0.23351325 0.24186221 0.24189541
 0.24192886 0.24193183 0.2428692  0.24317622 0.24332752 0.24336317
 0.24425399 0.24480156 0.25063649 0.25143831 0.25441354 0.25458912
 0.25595168 0.25827408 0.25893928 0.25993617 0.26077112 0.2619358
 0.26940789 0.2713319  0.27147591 0.27787609 0.29017139]
ngchain_sorted = [0.22446422 0.22754615 0.23079292 0.23351325 0.24186221 0.24189541
 0.24192886 0.24193183 0.2428692  0.24317622 0.24332752 0.24336317
 0.24425399 0.24480156 0.25063649 0.25143831 0.25441354 0.25458912
 0.25595168 0.25827408 0.25893928 0.25993617 0.26077112 0.2619358
 0.26940789 0.2713319  0.27147591 0.27787609 0.29017139]
current_best = [160.534840734861, 147.56258297690067, 168.73623350626278, 163.17140298463903, 139.10778925613656, 131.27342102510386, 148.09391206280975, 136.54606571778746, 177.26594995821776, 155.90665279748762, 174.17854409888122, 149.56918917027198, 158.74311026701432, 158.3646422328896, 178.7571999288161, 115.19585761954673, 179.25808150464192, 122.92164753011555, 150.61625371436554, 123.21707311600768, 155.36681501243956, 116.93364639888851, 102.77674455781431, 113.52337515886708, 111.69869191435527, 158.72545064342359, 172.3699372331393, 143.51797383457372, 154.6413893345523, 154.34813905634385, 138.42491189023977, 91.59534621580696, 75.07619921457332, 106.26163722313335, 161.29666705036314, 173.83085888001742, 170.88802063618863, 166.82450452374465, 177.57072750333526, 113.19521565400392, 57.12478161394637, 91.72963514842478, 142.84988074571, 118.69112928733475, 172.18551416638817, 100.2421564067224, 47.30505288079204, 96.02782690224798, 148.76057177773083, 159.70158431368745, 174.7623481219037, 146.6421485016683, 156.91363766834837, 89.7725168924478, 64.72130644178506, 104.16126369811106, 169.80999691546842, 153.0023745324195, 166.91050516547148, 135.90262272275837, 121.59320689651628, 118.28238714668515, 85.69749377651196, 125.18174050305312, 149.03020400240027, 123.91432645065791, 141.62671465704426, 84.00196003492734, 101.7900533339337, 120.0632747033455, 116.20463019248297, 83.86943470856768, 149.64784466958676, 125.4204847922793, 153.9523432830137, 142.19596627299103, 139.44419798547392, 107.95082369273081, 86.56440093891845, 115.1464001808877, 115.02721117453468, 78.95792641096415, 74.93819222497221, 82.50171895512244, 71.1473163336204, 78.31907035701524, 76.0262180269889, 96.45826630491517, 98.1865834865636, 88.2997113007088, 69.78976143237321, 118.96904301978334, 75.00507488369273, 130.38267239533351, 102.45351037552925, 105.71969672710814, 88.35289281997721, 91.7908014460765, 94.9362877978508, 117.79767914163811]
current_best_val = 0.18045809076264505
