de_sorted = [0.66144166 0.66372984 0.66437125 0.66507497 0.66607016 0.66777128
 0.66864682 0.6691454  0.67042299 0.67140219 0.67174854 0.67174947
 0.67269483 0.67307251 0.67335203 0.67407276 0.67432213 0.67474553
 0.67500986 0.67546898 0.67555783 0.67559145 0.67699209 0.67730822
 0.67822162 0.67985112 0.68055943 0.68059984 0.68128466]
steep_sorted = [0.75121714 0.75926122 0.76219125 0.76441183 0.76512805 0.77173435
 0.77348838 0.77911967 0.78024682 0.7899005  0.79252166 0.79519539
 0.79710973 0.80351384 0.80368209 0.80678315 0.81139449 0.8155808
 0.820503   0.82803306 0.82877716 0.84492571 0.84535908 0.84978467
 0.85055106 0.86096519 0.86108998 0.89795039 0.92177235]
bfgs_sorted = [0.65844969 0.65862135 0.6587273  0.65876939 0.65879383 0.65894209
 0.65895062 0.65895384 0.6590375  0.65903894 0.65910518 0.65916556
 0.65927665 0.65938915 0.66008883 0.66773084 0.66812421 0.66831127
 0.6684678  0.66847404 0.6685498  0.66856427 0.66865777 0.66882189
 0.66882826 0.66895342 0.66901376 0.66903693 0.66907667]
chain_sorted = [0.65844498 0.65861712 0.65869196 0.65876579 0.65879628 0.65892545
 0.65894332 0.65895039 0.65903172 0.65905526 0.65913329 0.65917343
 0.65930795 0.65939934 0.6600826  0.66772548 0.66812077 0.66833898
 0.66846583 0.66846932 0.66852478 0.66856182 0.66864959 0.66884996
 0.66886826 0.66895978 0.66903513 0.66903997 0.66909044]
ngchain_sorted = [0.65844498 0.65861712 0.65869196 0.65876579 0.65879628 0.65892545
 0.65894332 0.65895039 0.65903172 0.65905526 0.65913329 0.65917343
 0.65930795 0.65939934 0.6600826  0.66772548 0.66812077 0.66833898
 0.66846583 0.66846932 0.66852478 0.66856182 0.66864959 0.66884996
 0.66886826 0.66895978 0.66903513 0.66903997 0.66909044]
current_best = [77.5996641079616, 92.40132223534597, 179.6838090852866, 104.03116473115807, 103.2607893590714, 117.44247477620628, 94.49094736817891, 125.07032142443015, 90.60510348134423, 101.32509395347884]
current_best_val = 0.6582010190953446
