de_sorted = [0.03925849 0.03925849 0.03925849 0.03925849 0.03925849 0.03925849
 0.03925849 0.03925849 0.0392585  0.0392585  0.03925851 0.03925852
 0.03925854 0.03925858 0.0392586  0.03925866 0.03925868 0.03925905
 0.03925906 0.03926109 0.03926196 0.03926252 0.03926992 0.03927594
 0.03928245 0.03930005 0.03930043 0.04087178 0.04321617]
steep_sorted = [0.05442953 0.06135245 0.06380641 0.06466938 0.06661848 0.06717876
 0.06866534 0.06965567 0.07082662 0.07299771 0.07501811 0.07830765
 0.07850469 0.07875611 0.08014051 0.08096549 0.08116654 0.08132227
 0.08141327 0.08338231 0.08455653 0.08488391 0.08545014 0.08560008
 0.0871233  0.09159408 0.09273075 0.12054941 0.12109183]
bfgs_sorted = [0.03925849 0.03925849 0.03925849 0.0392585  0.04023119 0.04097129
 0.0412235  0.04140095 0.04313578 0.04315611 0.04321614 0.04321614
 0.04321614 0.04349857 0.04349857 0.04349857 0.04349857 0.04438461
 0.04468907 0.04544141 0.04712339 0.04717251 0.04756287 0.04756287
 0.04787299 0.05070269 0.05101311 0.05158349 0.06033964]
chain_sorted = [0.03925849 0.03925849 0.03925849 0.03925849 0.03925849 0.03925849
 0.03925849 0.03925849 0.03925849 0.03925849 0.03925849 0.03925849
 0.03925849 0.03925849 0.03925849 0.03925849 0.03925849 0.03925849
 0.03925849 0.03925849 0.03925849 0.03925849 0.03925849 0.03925849
 0.03925849 0.03925849 0.03925849 0.03925849 0.04321614]
ngchain_sorted = [0.03925849 0.03925849 0.03925849 0.03925849 0.03925849 0.03925849
 0.03925849 0.03925849 0.03925849 0.03925849 0.03925849 0.03925849
 0.03925849 0.03925849 0.03925849 0.03925849 0.03925849 0.03925849
 0.03925849 0.03925849 0.03925849 0.03925849 0.03925849 0.03925849
 0.03925849 0.03925849 0.03925849 0.03925849 0.04321614]
current_best = [57.73502734582561, 70.7106777273272, 173.20508025277712, 70.71067856537138, 57.73502811680978, 70.71067601246796, 57.73502718512233, 70.7106788297184, 57.73502616558129, 70.7106794325698, 173.20508189875864, 70.71067815034446, 173.20508066150504, 70.71067629096983, 57.73502863229076, 70.71067651844827, 173.20508183284437, 70.71067401617978, 173.2050831745739, 70.71067767797405]
current_best_val = 0.03925848972362078
