de_sorted = [0.31318879 0.32278576 0.35748731 0.35830762 0.36319175 0.36354944
 0.36730189 0.37134072 0.37903687 0.38424183 0.38525151 0.38558616
 0.38987354 0.39013928 0.39202343 0.39468425 0.39607661 0.40061944
 0.40465679 0.40914288 0.410633   0.41394373 0.42176843 0.42209187
 0.42275472 0.4235191  0.43401189 0.45113104 0.45910689]
steep_sorted = [0.38978487 0.39326166 0.41949746 0.4314135  0.44312122 0.44608668
 0.44613136 0.45282034 0.45359069 0.45554555 0.45745355 0.46012019
 0.47027248 0.47205447 0.47485656 0.47925926 0.47975723 0.4802378
 0.49102927 0.49414334 0.49443517 0.49472137 0.49932442 0.50081351
 0.50283368 0.50516186 0.51349904 0.58421463 0.59311686]
bfgs_sorted = [0.28408659 0.31484649 0.32197242 0.32801491 0.32880083 0.33023009
 0.33208573 0.35015558 0.35583379 0.35638906 0.35874019 0.36113156
 0.3627244  0.36307302 0.36529377 0.36560931 0.3668007  0.36929254
 0.37209003 0.38202384 0.38440581 0.39221234 0.40248793 0.40465767
 0.40875866 0.42572112 0.43686755 0.43743198 0.45702227]
chain_sorted = [0.33356493 0.34371592 0.35512738 0.36575355 0.36927684 0.37138292
 0.3771199  0.37812184 0.37995647 0.38048985 0.38151085 0.38668407
 0.38805924 0.39123566 0.39263597 0.39850159 0.39858667 0.40342444
 0.40468607 0.40679677 0.40754894 0.40988992 0.41727648 0.4208142
 0.42091235 0.42245011 0.45158861 0.46577137 0.47746076]
ngchain_sorted = [0.33356493 0.34371592 0.35512738 0.36575355 0.36927684 0.37138292
 0.3771199  0.37812184 0.37995647 0.38048985 0.38151085 0.38668407
 0.38805924 0.39123566 0.39263597 0.39850159 0.39858667 0.40342444
 0.40468607 0.40679677 0.40754894 0.40988992 0.41727648 0.4208142
 0.42091235 0.42245011 0.45158861 0.46577137 0.47746076]
current_best = [59.99907452563983, 104.82064925692866, 75.38734839388006, 141.49829951285423, 100.38972415739464, 83.36579803632901, 100.90293089974932, 143.78091993157852, 81.78635329436885, 92.92541536916892, 109.69115051557732, 58.046817944883884, 88.83241979632903, 116.60981955912824, 66.82303523226594, 91.5303392335658, 106.77411452969201, 85.49734847715058, 107.41598176963474, 71.34212682764363, 79.21694464167143, 37.17261502151213, 80.55941185110207, 71.85002135990959, 71.87401672711643, 99.49383823979016, 84.01593112681182, 161.39616707836012, 113.29083837501133, 119.05942442684241, 94.9124404471697, 86.1821889984187, 57.833245086451456, 100.88030734674123, 144.2703362908117, 111.48992322559934, 112.29487965649795, 93.17500684534123, 99.79589207922518, 93.64978447600454, 95.1643520774556, 113.07696738087515, 90.95832565381527, 102.68246123911007, 105.73453327813378, 131.3586913732902, 90.40527601332151, 101.86388737619295, 84.8830325903379, 100.89013442340705, 71.9327863805796, 72.50964530685565, 107.59843404512341, 132.08079554386148, 55.34053835370228, 59.286194001110886, 88.65722544399382, 68.50638922394323, 74.03355562489784, 65.15980231800216, 92.38990986900069, 93.69219204718652, 78.95913776293291, 98.75203817922936, 92.30383389164588, 46.54935293041316, 74.96647118791854, 92.64134235312717, 73.83737066753527, 96.2685297348662]
current_best_val = 0.24885672009985194
