de_sorted = [0.58564793 0.58876787 0.59196619 0.59806083 0.60398538 0.60458955
 0.60472752 0.60572707 0.60580557 0.60650891 0.60794023 0.60836418
 0.61185878 0.61215178 0.61401075 0.61577796 0.61600079 0.61752487
 0.61761015 0.61856557 0.61986904 0.62132199 0.6228578  0.6247675
 0.62507177 0.62991055 0.63669803 0.63823656 0.64672247]
steep_sorted = [0.36952305 0.39986291 0.40180473 0.41780295 0.43837099 0.44099555
 0.45172859 0.47068162 0.47241054 0.47431551 0.48980424 0.48999851
 0.49616558 0.49909518 0.50446458 0.50916516 0.52158479 0.52825942
 0.53724302 0.53959344 0.56162355 0.56646934 0.57528274 0.59307047
 0.59709153 0.61524496 0.61948179 0.63643574 0.66133439]
bfgs_sorted = [0.62724884 0.62810011 0.63099551 0.63647432 0.6370437  0.63928989
 0.64009052 0.64178142 0.64323747 0.64429776 0.64474793 0.6452031
 0.64547694 0.6458702  0.64953772 0.65109797 0.65322977 0.65404844
 0.65425276 0.65449113 0.65461887 0.65545991 0.65632153 0.65674422
 0.65692269 0.65790833 0.65955675 0.66367358 0.66371555]
chain_sorted = [0.62723759 0.62810003 0.6309947  0.63648914 0.63704364 0.639298
 0.64007742 0.64176788 0.64323846 0.64431325 0.64473873 0.64520021
 0.64545328 0.64591112 0.64954615 0.65109232 0.65322819 0.65404746
 0.65426551 0.65449926 0.65464163 0.65546319 0.65631574 0.65677514
 0.65692264 0.65790362 0.65957324 0.66369123 0.66373178]
ngchain_sorted = [0.62723759 0.62810003 0.6309947  0.63648914 0.63704364 0.639298
 0.64007742 0.64176788 0.64323846 0.64431325 0.64473873 0.64520021
 0.64545328 0.64591112 0.64954615 0.65109232 0.65322819 0.65404746
 0.65426551 0.65449926 0.65464163 0.65546319 0.65631574 0.65677514
 0.65692264 0.65790362 0.65957324 0.66369123 0.66373178]
current_best = [178.05601874461613, 174.12153161785153, 91.65474192545994, 173.22094612210518, 47.46787723365601, 127.05803989942925, 106.60500236604454, 154.9725416589772, 77.17301449015676, 124.07550210015009, 126.49005489403196, 34.156644579453435, 55.70306357300757, 165.2026286762578, 38.6014088671851, 127.26895197069418, 57.051334623260956, 165.51190833232593, 150.0159119854448, 89.7274360558775, 58.93798299213145, 142.91825810094855, 79.40650243668264, 144.34402495033578, 25.519603944710525, 46.881070658663106, 63.71220125729073, 155.6738275037635, 58.73281439321204, 25.09874321865139, 103.67803535335034, 124.6592009700585, 67.2529716464824, 94.21238616715742, 89.57671378672346, 177.4765666339314, 88.93168914658813, 102.83698179253972, 52.42611767053239, 78.60042467570003, 177.29418143005654, 96.95865857319733, 113.76904469619271, 91.17487354083038, 21.137698687782596, 42.12612523196178, 101.19223303028355, 126.98890202266034, 71.52519783517758, 100.17549577664059, 115.38028842910727, 172.24041981932325, 95.92375259959431, 73.28716877154358, 114.92252051994086, 45.789588519895936, 65.96460917036586, 149.5774371972494, 60.51594231641181, 31.44400470323898, 108.68287938192464, 156.60965088942007, 24.316801999244078, 163.90604420630967, 41.16039388742722, 106.82571020698056, 43.479735885163805, 83.66231529380214, 139.80337889293764, 141.16526332912798]
current_best_val = 0.3686666283567764
