de_sorted = [0.75053661 0.75122374 0.75151115 0.75353793 0.75596943 0.75602366
 0.75622145 0.75654129 0.7571783  0.75751239 0.75783569 0.75854415
 0.75865628 0.75977929 0.76060406 0.76314141 0.76451925 0.76619552
 0.76759379 0.76764179 0.76829851 0.76834328 0.76895965 0.76976762
 0.77010962 0.77053043 0.77120937 0.77167182 0.77333709]
steep_sorted = [0.62135396 0.62634663 0.65342216 0.66752895 0.66880849 0.67617027
 0.68291729 0.68358603 0.68414573 0.69386341 0.69423051 0.6968804
 0.70497973 0.73423762 0.74162892 0.74685887 0.74903363 0.74978059
 0.75060707 0.75231733 0.75234051 0.7538756  0.755291   0.76021477
 0.76765174 0.77940543 0.78553067 0.82589417 0.87684348]
bfgs_sorted = [0.72901665 0.73820676 0.73942652 0.74825411 0.75149458 0.7524939
 0.75370807 0.75800982 0.75910093 0.76042431 0.7615266  0.76168242
 0.76962815 0.77165112 0.77223399 0.77239173 0.77239236 0.77280357
 0.77286282 0.77351445 0.77538268 0.77604674 0.77608832 0.77707127
 0.77715315 0.77722843 0.77735055 0.77928831 0.78306756]
chain_sorted = [0.73819936 0.74880352 0.75080574 0.75163643 0.75200871 0.75219177
 0.75264149 0.75278722 0.75416427 0.75489135 0.75712621 0.75760943
 0.76101681 0.76153942 0.76302614 0.76351191 0.76369446 0.76425449
 0.76464047 0.76515267 0.76516704 0.76652241 0.7693895  0.76958622
 0.771651   0.7728944  0.77333699 0.77707166 0.77928878]
ngchain_sorted = [0.73819936 0.74880352 0.75080574 0.75163643 0.75200871 0.75219177
 0.75264149 0.75278722 0.75416427 0.75489135 0.75712621 0.75760943
 0.76101681 0.76153942 0.76302614 0.76351191 0.76369446 0.76425449
 0.76464047 0.76515267 0.76516704 0.76652241 0.7693895  0.76958622
 0.771651   0.7728944  0.77333699 0.77707166 0.77928878]
current_best = [93.27589300190603, 74.18312941481246, 54.30545322931316, 154.79071108121812, 149.46872024015843, 177.67297395721624, 158.98779612775357, 148.63142787081478, 161.32697072443406, 71.98959288706197, 99.52287553545135, 120.18508822968379, 126.93254310169823, 160.31626210234856, 166.36347730762145, 174.4647636497716, 178.8314926096415, 120.36857589448277, 142.00898651329842, 129.84665666960035, 61.58041285582275, 149.30723943197583, 147.1652030700001, 99.67593546856224, 86.69428234532033, 55.437897083398184, 115.02678124143124, 149.37033719432964, 121.15172857468052, 127.34032349107405]
current_best_val = 0.5715576231113899
